1 0.013
2 0.012
3 0.011
4 0.011
5 0.01
6 0.012
7 0.012
8 0.012
9 0.011
10 0.012
11 0.011
12 0.011
13 0.01
14 0.013
15 0.012
16 0.012
17 0.012
18 0.012
19 0.011
20 0.013
21 0.012
22 0.013
23 0.012
24 0.013
25 0.012
26 0.013
27 0.012
28 0.039
29 0.012
30 0.014
31 0.015
32 0.015
33 0.013
34 0.014
35 0.014
36 0.015
37 0.014
38 0.015
39 0.015
40 0.015
41 0.015
42 0.015
43 0.015
44 0.015
45 0.014
46 0.016
47 0.015
48 0.015
49 0.015
50 0.015
51 0.016
52 0.016
53 0.016
54 0.016
55 0.015
56 0.016
57 0.015
58 0.016
59 0.016
60 0.015
61 0.015
62 0.018
63 0.017
64 0.017
65 0.017
66 0.017
67 0.017
68 0.017
69 0.017
70 0.018
71 0.018
72 0.018
73 0.018
74 0.019
75 0.019
76 0.018
77 0.018
78 0.02
79 0.019
80 0.019
81 0.019
82 0.019
83 0.019
84 0.019
85 0.019
86 0.02
87 0.02
88 0.021
89 0.019
90 0.021
91 0.02
92 0.02
93 0.019
94 0.022
95 0.021
96 0.022
97 0.021
98 0.022
99 0.021
100 0.022
101 0.021
102 0.023
103 0.022
104 0.023
105 0.022
106 0.023
107 0.022
108 0.022
109 0.022
110 0.023
111 0.024
112 0.024
113 0.023
114 0.024
115 0.023
116 0.023
117 0.023
118 0.025
119 0.024
120 0.024
121 0.023
122 0.024
123 0.024
124 0.024
125 0.024
126 0.025
127 0.025
128 0.026
129 0.025
130 0.026
131 0.025
132 0.026
133 0.025
134 0.027
135 0.025
136 0.026
137 0.025
138 0.027
139 0.026
140 0.026
141 0.025
142 0.027
143 0.027
144 0.027
145 0.027
146 0.027
147 0.044
148 0.027
149 0.027
150 0.028
151 0.028
152 0.028
153 0.028
154 0.028
155 0.027
156 0.028
157 0.027
158 0.03
159 0.029
160 0.029
161 0.028
162 0.029
163 0.029
164 0.028
165 0.029
166 0.03
167 0.029
168 0.029
169 0.029
170 0.03
171 0.029
172 0.03
173 0.029
174 0.032
175 0.03
176 0.032
177 0.031
178 0.032
179 0.031
180 0.031
181 0.03
182 0.032
183 0.032
184 0.032
185 0.031
186 0.032
187 0.031
188 0.056
189 0.03
190 0.032
191 0.032
192 0.032
193 0.032
194 0.033
195 0.032
196 0.032
197 0.032
198 0.033
199 0.033
200 0.032
201 0.032
202 0.033
203 0.033
204 0.033
205 0.032
206 0.034
207 0.035
208 0.034
209 0.032
210 0.034
211 0.034
212 0.033
213 0.034
214 0.035
215 0.034
216 0.036
217 0.034
218 0.035
219 0.035
220 0.034
221 0.034
222 0.037
223 0.037
224 0.037
225 0.05
226 0.051
227 0.039
228 0.038
229 0.037
230 0.038
231 0.038
232 0.038
233 0.037
234 0.057
235 0.037
236 0.037
237 0.037
238 0.039
239 0.039
240 0.039
241 0.038
242 0.039
243 0.038
244 0.038
245 0.037
246 0.04
247 0.039
248 0.04
249 0.038
250 0.04
251 0.04
252 0.04
253 0.039
254 0.042
255 0.04
256 0.042
257 0.04
258 0.042
259 0.041
260 0.041
261 0.04
262 0.042
263 0.041
264 0.058
265 0.042
266 0.042
267 0.041
268 0.042
269 0.04
270 0.043
271 0.042
272 0.042
273 0.043
274 0.053
275 0.043
276 0.044
277 0.043
278 0.044
279 0.043
280 0.044
281 0.043
282 0.043
283 0.044
284 0.043
285 0.043
286 0.046
287 0.045
288 0.046
289 0.045
290 0.046
291 0.046
292 0.045
293 0.044
294 0.047
295 0.046
296 0.046
297 0.045
298 0.047
299 0.047
300 0.046
301 0.073
302 0.047
303 0.047
304 0.047
305 0.047
306 0.048
307 0.047
308 0.047
309 0.046
310 0.049
311 0.048
312 0.048
313 0.063
314 0.049
315 0.048
316 0.048
317 0.047
318 0.05
319 0.069
320 0.05
321 0.05
322 0.05
323 0.05
324 0.05
325 0.05
326 0.051
327 0.051
328 0.052
329 0.05
330 0.051
331 0.051
332 0.051
333 0.05
334 0.052
335 0.052
336 0.052
337 0.051
338 0.053
339 0.052
340 0.053
341 0.051
342 0.053
343 0.052
344 0.052
345 0.052
346 0.054
347 0.053
348 0.052
349 0.051
350 0.058
351 0.059
352 0.057
353 0.057
354 0.059
355 0.059
356 0.06
357 0.058
358 0.06
359 0.059
360 0.06
361 0.059
362 0.06
363 0.059
364 0.059
365 0.058
366 0.06
367 0.06
368 0.06
369 0.06
370 0.06
371 0.059
372 0.06
373 0.059
374 0.061
375 0.07
376 0.061
377 0.061
378 0.062
379 0.061
380 0.062
381 0.061
382 0.064
383 0.062
384 0.074
385 0.061
386 0.063
387 0.063
388 0.063
389 0.061
390 0.064
391 0.064
392 0.064
393 0.062
394 0.065
395 0.064
396 0.064
397 0.08
398 0.066
399 0.065
400 0.066
401 0.074
402 0.065
403 0.064
404 0.064
405 0.063
406 0.065
407 0.065
408 0.065
409 0.065
410 0.066
411 0.066
412 0.087
413 0.065
414 0.069
415 0.067
416 0.067
417 0.066
418 0.068
419 0.067
420 0.067
421 0.066
422 0.078
423 0.068
424 0.068
425 0.067
426 0.068
427 0.068
428 0.069
429 0.067
430 0.072
431 0.07
432 0.07
433 0.069
434 0.071
435 0.069
436 0.07
437 0.069
438 0.071
439 0.075
440 0.074
441 0.072
442 0.073
443 0.07
444 0.071
445 0.096
446 0.073
447 0.085
448 0.073
449 0.071
450 0.073
451 0.072
452 0.072
453 0.07
454 0.073
455 0.073
456 0.074
457 0.072
458 0.072
459 0.071
460 0.072
461 0.071
462 0.074
463 0.073
464 0.072
465 0.071
466 0.073
467 0.073
468 0.073
469 0.1
470 0.075
471 0.075
472 0.075
473 0.074
474 0.076
475 0.076
476 0.112
477 0.097
478 0.078
479 0.077
480 0.077
481 0.075
482 0.077
483 0.087
484 0.075
485 0.075
486 0.078
487 0.076
488 0.076
489 0.086
490 0.078
491 0.091
492 0.077
493 0.076
494 0.08
495 0.079
496 0.077
497 0.076
498 0.1
499 0.076
500 0.076
501 0.074
502 0.077
503 0.076
504 0.089
505 0.076
506 0.078
507 0.077
508 0.078
509 0.076
510 0.08
511 0.079
512 0.08
513 0.078
514 0.08
515 0.099
516 0.08
517 0.079
518 0.081
519 0.079
520 0.08
521 0.079
522 0.081
523 0.1
524 0.079
525 0.078
526 0.081
527 0.08
528 0.081
529 0.08
530 0.081
531 0.086
532 0.093
533 0.079
534 0.093
535 0.08
536 0.081
537 0.08
538 0.097
539 0.093
540 0.081
541 0.081
542 0.085
543 0.085
544 0.083
545 0.082
546 0.083
547 0.084
548 0.084
549 0.083
550 0.086
551 0.084
552 0.084
553 0.085
554 0.098
555 0.083
556 0.083
557 0.083
558 0.084
559 0.084
560 0.086
561 0.087
562 0.087
563 0.087
564 0.086
565 0.109
566 0.088
567 0.086
568 0.086
569 0.085
570 0.107
571 0.085
572 0.087
573 0.103
574 0.089
575 0.087
576 0.087
577 0.087
578 0.087
579 0.087
580 0.088
581 0.087
582 0.09
583 0.089
584 0.089
585 0.088
586 0.139
587 0.101
588 0.09
589 0.089
590 0.092
591 0.091
592 0.091
593 0.09
594 0.091
595 0.133
596 0.088
597 0.088
598 0.091
599 0.089
600 0.09
601 0.089
602 0.091
603 0.089
604 0.089
605 0.088
606 0.092
607 0.092
608 0.091
609 0.09
610 0.092
611 0.09
612 0.091
613 0.118
614 0.102
615 0.091
616 0.11
617 0.09
618 0.091
619 0.09
620 0.104
621 0.089
622 0.094
623 0.094
624 0.094
625 0.093
626 0.094
627 0.092
628 0.095
629 0.092
630 0.095
631 0.094
632 0.094
633 0.092
634 0.094
635 0.094
636 0.094
637 0.094
638 0.096
639 0.095
640 0.095
641 0.093
642 0.095
643 0.094
644 0.096
645 0.093
646 0.098
647 0.095
648 0.096
649 0.096
650 0.097
651 0.095
652 0.095
653 0.096
654 0.098
655 0.098
656 0.098
657 0.097
658 0.098
659 0.097
660 0.097
661 0.096
662 0.098
663 0.098
664 0.098
665 0.097
666 0.099
667 0.097
668 0.098
669 0.148
670 0.102
671 0.101
672 0.159
673 0.101
674 0.102
675 0.102
676 0.103
677 0.102
678 0.123
679 0.103
680 0.104
681 0.103
682 0.104
683 0.117
684 0.105
685 0.102
686 0.106
687 0.103
688 0.106
689 0.103
690 0.106
691 0.105
692 0.105
693 0.103
694 0.107
695 0.114
696 0.106
697 0.106
698 0.106
699 0.104
700 0.105
701 0.103
702 0.108
703 0.107
704 0.107
705 0.117
706 0.107
707 0.106
708 0.124
709 0.106
710 0.109
711 0.108
712 0.108
713 0.107
714 0.109
715 0.109
716 0.108
717 0.107
718 0.11
719 0.109
720 0.109
721 0.122
722 0.11
723 0.107
724 0.109
725 0.107
726 0.11
727 0.11
728 0.11
729 0.108
730 0.111
731 0.118
732 0.118
733 0.115
734 0.118
735 0.116
736 0.114
737 0.114
738 0.118
739 0.116
740 0.116
741 0.115
742 0.116
743 0.116
744 0.145
745 0.115
746 0.117
747 0.115
748 0.115
749 0.114
750 0.118
751 0.118
752 0.118
753 0.116
754 0.119
755 0.117
756 0.132
757 0.14
758 0.12
759 0.119
760 0.119
761 0.118
762 0.118
763 0.117
764 0.117
765 0.136
766 0.121
767 0.121
768 0.166
769 0.124
770 0.124
771 0.12
772 0.122
773 0.12
774 0.122
775 0.121
776 0.124
777 0.12
778 0.122
779 0.121
780 0.121
781 0.12
782 0.123
783 0.121
784 0.124
785 0.121
786 0.121
787 0.12
788 0.119
789 0.118
790 0.121
791 0.12
792 0.152
793 0.14
794 0.12
795 0.119
796 0.119
797 0.117
798 0.122
799 0.12
800 0.121
801 0.12
802 0.122
803 0.12
804 0.12
805 0.119
806 0.123
807 0.147
808 0.146
809 0.145
810 0.142
811 0.138
812 0.131
813 0.181
814 0.173
815 0.131
816 0.127
817 0.14
818 0.127
819 0.126
820 0.137
821 0.124
822 0.152
823 0.126
824 0.126
825 0.125
826 0.125
827 0.123
828 0.125
829 0.124
830 0.128
831 0.126
832 0.126
833 0.142
834 0.125
835 0.124
836 0.123
837 0.139
838 0.13
839 0.132
840 0.128
841 0.126
842 0.128
843 0.125
844 0.125
845 0.123
846 0.128
847 0.126
848 0.145
849 0.125
850 0.139
851 0.133
852 0.129
853 0.125
854 0.129
855 0.128
856 0.128
857 0.127
858 0.127
859 0.127
860 0.128
861 0.127
862 0.134
863 0.131
864 0.133
865 0.131
866 0.132
867 0.188
868 0.135
869 0.142
870 0.145
871 0.13
872 0.131
873 0.129
874 0.132
875 0.136
876 0.135
877 0.132
878 0.136
879 0.141
880 0.159
881 0.135
882 0.143
883 0.14
884 0.136
885 0.154
886 0.136
887 0.135
888 0.134
889 0.148
890 0.136
891 0.147
892 0.134
893 0.132
894 0.139
895 0.139
896 0.137
897 0.137
898 0.163
899 0.138
900 0.15
901 0.137
902 0.139
903 0.137
904 0.138
905 0.145
906 0.141
907 0.138
908 0.138
909 0.136
910 0.152
911 0.139
912 0.148
913 0.14
914 0.141
915 0.14
916 0.142
917 0.137
918 0.139
919 0.138
920 0.139
921 0.136
922 0.146
923 0.14
924 0.14
925 0.137
926 0.141
927 0.141
928 0.215
929 0.169
930 0.169
931 0.165
932 0.146
933 0.173
934 0.216
935 0.141
936 0.148
937 0.186
938 0.143
939 0.14
940 0.141
941 0.138
942 0.144
943 0.142
944 0.151
945 0.156
946 0.146
947 0.165
948 0.148
949 0.149
950 0.157
951 0.144
952 0.143
953 0.142
954 0.165
955 0.143
956 0.145
957 0.142
958 0.157
959 0.146
960 0.144
961 0.142
962 0.143
963 0.142
964 0.145
965 0.156
966 0.15
967 0.146
968 0.146
969 0.144
970 0.146
971 0.147
972 0.145
973 0.158
974 0.147
975 0.146
976 0.146
977 0.143
978 0.146
979 0.144
980 0.156
981 0.143
982 0.146
983 0.145
984 0.15
985 0.147
986 0.166
987 0.145
988 0.147
989 0.146
990 0.151
991 0.148
992 0.15
993 0.148
994 0.151
995 0.15
996 0.149
997 0.189
998 0.153
999 0.153
1000 0.152
1001 0.15
1002 0.152
1003 0.151
1004 0.149
1005 0.147
1006 0.152
1007 0.149
1008 0.16
1009 0.153
1010 0.155
1011 0.152
1012 0.151
1013 0.149
1014 0.163
1015 0.151
1016 0.151
1017 0.157
1018 0.159
1019 0.156
1020 0.234
1021 0.154
1022 0.158
1023 0.156
1024 0.179
1025 0.158
1026 0.16
1027 0.159
1028 0.158
1029 0.156
1030 0.159
1031 0.157
1032 0.157
1033 0.154
1034 0.159
1035 0.155
1036 0.156
1037 0.154
1038 0.16
1039 0.158
1040 0.158
1041 0.156
1042 0.158
1043 0.156
1044 0.156
1045 0.167
1046 0.162
1047 0.168
1048 0.165
1049 0.161
1050 0.181
1051 0.158
1052 0.169
1053 0.155
1054 0.161
1055 0.158
1056 0.159
1057 0.157
1058 0.158
1059 0.156
1060 0.167
1061 0.191
1062 0.16
1063 0.159
1064 0.168
1065 0.161
1066 0.161
1067 0.175
1068 0.158
1069 0.182
1070 0.161
1071 0.191
1072 0.169
1073 0.168
1074 0.161
1075 0.173
1076 0.159
1077 0.163
1078 0.218
1079 0.17
1080 0.166
1081 0.164
1082 0.164
1083 0.182
1084 0.239
1085 0.159
1086 0.19
1087 0.164
1088 0.163
1089 0.16
1090 0.164
1091 0.184
1092 0.163
1093 0.181
1094 0.165
1095 0.167
1096 0.166
1097 0.163
1098 0.166
1099 0.187
1100 0.165
1101 0.199
1102 0.167
1103 0.165
1104 0.176
1105 0.175
1106 0.176
1107 0.176
1108 0.188
1109 0.169
1110 0.174
1111 0.172
1112 0.187
1113 0.17
1114 0.173
1115 0.172
1116 0.17
1117 0.171
1118 0.173
1119 0.182
1120 0.178
1121 0.194
1122 0.176
1123 0.197
1124 0.199
1125 0.182
1126 0.183
1127 0.174
1128 0.175
1129 0.194
1130 0.174
1131 0.172
1132 0.213
1133 0.169
1134 0.172
1135 0.198
1136 0.198
1137 0.179
1138 0.178
1139 0.188
1140 0.173
1141 0.172
1142 0.174
1143 0.195
1144 0.172
1145 0.17
1146 0.174
1147 0.173
1148 0.172
1149 0.17
1150 0.176
1151 0.173
1152 0.174
1153 0.174
1154 0.174
1155 0.174
1156 0.182
1157 0.184
1158 0.18
1159 0.252
1160 0.177
1161 0.176
1162 0.178
1163 0.195
1164 0.177
1165 0.175
1166 0.22
1167 0.177
1168 0.176
1169 0.174
1170 0.18
1171 0.177
1172 0.177
1173 0.175
1174 0.178
1175 0.177
1176 0.182
1177 0.178
1178 0.18
1179 0.185
1180 0.21
1181 0.177
1182 0.181
1183 0.188
1184 0.175
1185 0.174
1186 0.176
1187 0.174
1188 0.174
1189 0.184
1190 0.184
1191 0.179
1192 0.19
1193 0.175
1194 0.301
1195 0.173
1196 0.177
1197 0.175
1198 0.301
1199 0.187
1200 0.185
1201 0.185
1202 0.244
1203 0.185
1204 0.207
1205 0.189
1206 0.185
1207 0.247
1208 0.19
1209 0.261
1210 0.219
1211 0.184
1212 0.218
1213 0.255
1214 0.314
1215 0.192
1216 0.222
1217 0.329
1218 0.223
1219 0.204
1220 0.203
1221 0.2
1222 0.271
1223 0.26
1224 0.221
1225 0.23
1226 0.207
1227 0.23
1228 0.201
1229 0.186
1230 0.2
1231 0.191
1232 0.19
1233 0.199
1234 0.188
1235 0.185
1236 0.185
1237 0.184
1238 0.188
1239 0.187
1240 0.215
1241 0.184
1242 0.188
1243 0.186
1244 0.186
1245 0.191
1246 0.193
1247 0.21
1248 0.193
1249 0.28
1250 0.198
1251 0.193
1252 0.198
1253 0.199
1254 0.193
1255 0.228
1256 0.199
1257 0.205
1258 0.195
1259 0.193
1260 0.2
1261 0.332
1262 0.201
1263 0.195
1264 0.305
1265 0.386
1266 0.194
1267 0.213
1268 0.203
1269 0.191
1270 0.191
1271 0.224
1272 0.188
1273 0.212
1274 0.191
1275 0.188
1276 0.188
1277 0.188
1278 0.219
1279 0.192
1280 0.228
1281 0.251
1282 0.194
1283 0.191
1284 0.208
1285 0.212
1286 0.234
1287 0.249
1288 0.236
1289 0.241
1290 0.328
1291 0.238
1292 0.237
1293 0.254
1294 0.239
1295 0.203
1296 0.205
1297 0.228
1298 0.214
1299 0.201
1300 0.208
1301 0.199
1302 0.204
1303 0.205
1304 0.207
1305 0.216
1306 0.208
1307 0.207
1308 0.209
1309 0.27
1310 0.206
1311 0.203
1312 0.202
1313 0.201
1314 0.213
1315 0.2
1316 0.201
1317 0.2
1318 0.203
1319 0.205
1320 0.203
1321 0.273
1322 0.257
1323 0.206
1324 0.205
1325 0.2
1326 0.2
1327 0.198
1328 0.236
1329 0.33
1330 0.259
1331 0.3
1332 0.202
1333 0.197
1334 0.201
1335 0.221
1336 0.199
1337 0.199
1338 0.2
1339 0.198
1340 0.206
1341 0.212
1342 0.209
1343 0.209
1344 0.22
1345 0.206
1346 0.339
1347 0.246
1348 0.209
1349 0.221
1350 0.309
1351 0.211
1352 0.211
1353 0.229
1354 0.492
1355 0.246
1356 0.225
1357 0.209
1358 0.211
1359 0.24
1360 0.215
1361 0.225
1362 0.213
1363 0.21
1364 0.242
1365 0.216
1366 0.217
1367 0.214
1368 0.214
1369 0.213
1370 0.224
1371 0.211
1372 0.216
1373 0.225
1374 0.243
1375 0.214
1376 0.249
1377 0.216
1378 0.214
1379 0.213
1380 0.218
1381 0.215
1382 0.22
1383 0.216
1384 0.217
1385 0.307
1386 0.23
1387 0.215
1388 0.223
1389 0.217
1390 0.219
1391 0.216
1392 0.24
1393 0.217
1394 0.224
1395 0.219
1396 0.255
1397 0.225
1398 0.231
1399 0.219
1400 0.218
1401 0.216
1402 0.23
1403 0.218
1404 0.251
1405 0.216
1406 0.221
1407 0.22
1408 0.222
1409 0.231
1410 0.221
1411 0.211
1412 0.212
1413 0.209
1414 0.221
1415 0.211
1416 0.217
1417 0.288
1418 0.214
1419 0.209
1420 0.21
1421 0.21
1422 0.211
1423 0.21
1424 0.212
1425 0.253
1426 0.215
1427 0.212
1428 0.248
1429 0.223
1430 0.226
1431 0.251
1432 0.225
1433 0.226
1434 0.227
1435 0.226
1436 0.225
1437 0.223
1438 0.239
1439 0.226
1440 0.236
1441 0.226
1442 0.228
1443 0.225
1444 0.245
1445 0.22
1446 0.245
1447 0.221
1448 0.222
1449 0.219
1450 0.237
1451 0.222
1452 0.231
1453 0.219
1454 0.224
1455 0.242
1456 0.222
1457 0.22
1458 0.224
1459 0.221
1460 0.222
1461 0.218
1462 0.228
1463 0.215
1464 0.236
1465 0.214
1466 0.217
1467 0.226
1468 0.221
1469 0.217
1470 0.22
1471 0.221
1472 0.243
1473 0.218
1474 0.226
1475 0.227
1476 0.234
1477 0.231
1478 0.242
1479 0.241
1480 0.227
1481 0.228
1482 0.247
1483 0.24
1484 0.228
1485 0.228
1486 0.232
1487 0.233
1488 0.294
1489 0.232
1490 0.234
1491 0.229
1492 0.23
1493 0.227
1494 0.229
1495 0.229
1496 0.243
1497 0.228
1498 0.229
1499 0.241
1500 0.239
1501 0.225
1502 0.24
1503 0.227
1504 0.228
1505 0.24
1506 0.23
1507 0.237
1508 0.237
1509 0.233
1510 0.233
1511 0.235
1512 0.235
1513 0.233
1514 0.236
1515 0.235
1516 0.233
1517 0.232
1518 0.248
1519 0.235
1520 0.254
1521 0.232
1522 0.233
1523 0.233
1524 0.279
1525 0.249
1526 0.265
1527 0.239
1528 0.239
1529 0.237
1530 0.24
1531 0.239
1532 0.239
1533 0.253
1534 0.242
1535 0.24
1536 0.242
1537 0.24
1538 0.24
1539 0.26
1540 0.24
1541 0.236
1542 0.24
1543 0.239
1544 0.239
1545 0.236
1546 0.238
1547 0.237
1548 0.253
1549 0.258
1550 0.241
1551 0.241
1552 0.266
1553 0.238
1554 0.235
1555 0.245
1556 0.234
1557 0.246
1558 0.247
1559 0.241
1560 0.237
1561 0.25
1562 0.236
1563 0.233
1564 0.234
1565 0.234
1566 0.253
1567 0.237
1568 0.237
1569 0.235
1570 0.236
1571 0.238
1572 0.239
1573 0.234
1574 0.265
1575 0.259
1576 0.24
1577 0.237
1578 0.275
1579 0.237
1580 0.239
1581 0.262
1582 0.243
1583 0.246
1584 0.244
1585 0.242
1586 0.258
1587 0.266
1588 0.258
1589 0.247
1590 0.259
1591 0.244
1592 0.243
1593 0.267
1594 0.246
1595 0.247
1596 0.243
1597 0.247
1598 0.246
1599 0.288
1600 0.264
1601 0.255
1602 0.263
1603 0.245
1604 0.244
1605 0.24
1606 0.257
1607 0.243
1608 0.242
1609 0.238
1610 0.253
1611 0.248
1612 0.246
1613 0.27
1614 0.248
1615 0.246
1616 0.246
1617 0.247
1618 0.248
1619 0.28
1620 0.265
1621 0.242
1622 0.249
1623 0.246
1624 0.266
1625 0.282
1626 0.288
1627 0.251
1628 0.254
1629 0.251
1630 0.257
1631 0.255
1632 0.254
1633 0.252
1634 0.272
1635 0.25
1636 0.251
1637 0.269
1638 0.255
1639 0.258
1640 0.255
1641 0.253
1642 0.254
1643 0.253
1644 0.252
1645 0.264
1646 0.254
1647 0.265
1648 0.253
1649 0.252
1650 0.276
1651 0.255
1652 0.254
1653 0.25
1654 0.256
1655 0.254
1656 0.255
1657 0.252
1658 0.272
1659 0.252
1660 0.254
1661 0.253
1662 0.258
1663 0.266
1664 0.256
1665 0.253
1666 0.265
1667 0.285
1668 0.263
1669 0.261
1670 0.266
1671 0.338
1672 0.265
1673 0.262
1674 0.265
1675 0.263
1676 0.263
1677 0.262
1678 0.268
1679 0.27
1680 0.246
1681 0.244
1682 0.25
1683 0.245
1684 0.246
1685 0.244
1686 0.259
1687 0.286
1688 0.254
1689 0.241
1690 0.244
1691 0.262
1692 0.298
1693 0.277
1694 0.268
1695 0.287
1696 0.287
1697 0.265
1698 0.278
1699 0.287
1700 0.266
1701 0.262
1702 0.29
1703 0.276
1704 0.268
1705 0.282
1706 0.269
1707 0.269
1708 0.267
1709 0.285
1710 0.269
1711 0.269
1712 0.27
1713 0.288
1714 0.269
1715 0.264
1716 0.268
1717 0.306
1718 0.271
1719 0.27
1720 0.27
1721 0.266
1722 0.27
1723 0.268
1724 0.269
1725 0.267
1726 0.271
1727 0.269
1728 0.269
1729 0.273
1730 0.268
1731 0.265
1732 0.27
1733 0.266
1734 0.268
1735 0.267
1736 0.267
1737 0.264
1738 0.268
1739 0.266
1740 0.266
1741 0.293
1742 0.298
1743 0.286
1744 0.273
1745 0.291
1746 0.273
1747 0.296
1748 0.28
1749 0.269
1750 0.275
1751 0.277
1752 0.276
1753 0.278
1754 0.29
1755 0.276
1756 0.304
1757 0.287
1758 0.279
1759 0.278
1760 0.278
1761 0.28
1762 0.3
1763 0.299
1764 0.279
1765 0.275
1766 0.274
1767 0.292
1768 0.271
1769 0.273
1770 0.276
1771 0.273
1772 0.273
1773 0.271
1774 0.3
1775 0.286
1776 0.294
1777 0.282
1778 0.28
1779 0.278
1780 0.282
1781 0.276
1782 0.282
1783 0.279
1784 0.279
1785 0.329
1786 0.32
1787 0.281
1788 0.287
1789 0.314
1790 0.318
1791 0.283
1792 0.305
1793 0.286
1794 0.286
1795 0.285
1796 0.285
1797 0.312
1798 0.31
1799 0.288
1800 0.285
1801 0.3
1802 0.279
1803 0.297
1804 0.279
1805 0.276
1806 0.281
1807 0.282
1808 0.28
1809 0.305
1810 0.28
1811 0.274
1812 0.276
1813 0.29
1814 0.274
1815 0.271
1816 0.273
1817 0.272
1818 0.295
1819 0.269
1820 0.297
1821 0.281
1822 0.285
1823 0.286
1824 0.289
1825 0.296
1826 0.287
1827 0.285
1828 0.284
1829 0.308
1830 0.287
1831 0.308
1832 0.305
1833 0.29
1834 0.29
1835 0.3
1836 0.285
1837 0.285
1838 0.289
1839 0.288
1840 0.29
1841 0.289
1842 0.306
1843 0.289
1844 0.288
1845 0.282
1846 0.285
1847 0.307
1848 0.301
1849 0.297
1850 0.286
1851 0.286
1852 0.299
1853 0.282
1854 0.304
1855 0.284
1856 0.281
1857 0.28
1858 0.292
1859 0.281
1860 0.28
1861 0.278
1862 0.302
1863 0.281
1864 0.294
1865 0.312
1866 0.291
1867 0.298
1868 0.305
1869 0.321
1870 0.305
1871 0.307
1872 0.29
1873 0.288
1874 0.309
1875 0.289
1876 0.299
1877 0.332
1878 0.322
1879 0.307
1880 0.337
1881 0.357
1882 0.313
1883 0.299
1884 0.301
1885 0.299
1886 0.297
1887 0.321
1888 0.307
1889 0.314
1890 0.307
1891 0.294
1892 0.295
1893 0.295
1894 0.297
1895 0.308
1896 0.325
1897 0.3
1898 0.325
1899 0.303
1900 0.303
1901 0.318
1902 0.328
1903 0.311
1904 0.306
1905 0.324
1906 0.329
1907 0.332
1908 0.304
1909 0.304
1910 0.308
1911 0.317
1912 0.326
1913 0.303
1914 0.305
1915 0.303
1916 0.306
1917 0.316
1918 0.295
1919 0.294
1920 0.3
1921 0.302
1922 0.291
1923 0.289
1924 0.288
1925 0.29
1926 0.294
1927 0.327
1928 0.308
1929 0.304
1930 0.308
1931 0.33
1932 0.326
1933 0.306
1934 0.308
1935 0.307
1936 0.309
1937 0.322
1938 0.305
1939 0.302
1940 0.327
1941 0.301
1942 0.306
1943 0.305
1944 0.305
1945 0.322
1946 0.304
1947 0.351
1948 0.315
1949 0.317
1950 0.317
1951 0.314
1952 0.326
1953 0.313
1954 0.342
1955 0.313
1956 0.3
1957 0.339
1958 0.304
1959 0.302
1960 0.299
1961 0.297
1962 0.313
1963 0.406
1964 0.302
1965 0.312
1966 0.345
1967 0.314
1968 0.325
1969 0.313
1970 0.324
1971 0.311
1972 0.317
1973 0.313
1974 0.317
1975 0.313
1976 0.33
1977 0.31
1978 0.312
1979 0.309
1980 0.338
1981 0.31
1982 0.338
1983 0.311
1984 0.312
1985 0.331
1986 0.316
1987 0.311
1988 0.308
1989 0.322
1990 0.307
1991 0.329
1992 0.308
1993 0.305
1994 0.307
1995 0.322
1996 0.318
1997 0.316
1998 0.322
1999 0.345
2000 0.319
2001 0.316
2002 0.34
2003 0.333
2004 0.32
2005 0.317
2006 0.329
2007 0.315
2008 0.347
2009 0.314
2010 0.319
2011 0.337
2012 0.315
2013 0.312
2014 0.333
2015 0.325
2016 0.307
2017 0.309
2018 0.324
2019 0.307
2020 0.31
2021 0.306
2022 0.343
2023 0.313
2024 0.316
2025 0.314
2026 0.343
2027 0.312
2028 0.312
2029 0.309
2030 0.327
2031 0.343
2032 0.365
2033 0.34
2034 0.333
2035 0.317
2036 0.386
2037 0.329
2038 0.328
2039 0.336
2040 0.421
2041 0.314
2042 0.324
2043 0.322
2044 0.323
2045 0.308
2046 0.336
2047 0.317
2048 0.316
2049 0.327
2050 0.311
2051 0.321
2052 0.32
2053 0.315
2054 0.315
2055 0.333
2056 0.372
2057 0.31
2058 0.34
2059 0.389
2060 0.353
2061 0.322
2062 0.328
2063 0.336
2064 0.345
2065 0.336
2066 0.325
2067 0.324
2068 0.32
2069 0.319
2070 0.327
2071 0.321
2072 0.353
2073 0.322
2074 0.37
2075 0.315
2076 0.327
2077 0.311
2078 0.315
2079 0.312
2080 0.342
2081 0.329
2082 0.347
2083 0.313
2084 0.315
2085 0.313
2086 0.34
2087 0.358
2088 0.318
2089 0.325
2090 0.314
2091 0.311
2092 0.325
2093 0.333
2094 0.333
2095 0.332
2096 0.362
2097 0.349
2098 0.356
2099 0.341
2100 0.378
2101 0.335
2102 0.335
2103 0.363
2104 0.344
2105 0.335
2106 0.338
2107 0.333
2108 0.342
2109 0.332
2110 0.33
2111 0.332
2112 0.331
2113 0.343
2114 0.341
2115 0.332
2116 0.343
2117 0.329
2118 0.345
2119 0.356
2120 0.329
2121 0.323
2122 0.328
2123 0.323
2124 0.324
2125 0.323
2126 0.34
2127 0.326
2128 0.353
2129 0.323
2130 0.35
2131 0.333
2132 0.344
2133 0.319
2134 0.338
2135 0.32
2136 0.318
2137 0.351
2138 0.323
2139 0.314
2140 0.32
2141 0.331
2142 0.347
2143 0.342
2144 0.321
2145 0.322
2146 0.322
2147 0.321
2148 0.328
2149 0.326
2150 0.341
2151 0.338
2152 0.336
2153 0.335
2154 0.339
2155 0.335
2156 0.336
2157 0.357
2158 0.363
2159 0.342
2160 0.393
2161 0.367
2162 0.344
2163 0.365
2164 0.369
2165 0.337
2166 0.341
2167 0.347
2168 0.344
2169 0.353
2170 0.365
2171 0.339
2172 0.34
2173 0.337
2174 0.373
2175 0.331
2176 0.326
2177 0.327
2178 0.33
2179 0.327
2180 0.33
2181 0.327
2182 0.333
2183 0.335
2184 0.322
2185 0.322
2186 0.328
2187 0.349
2188 0.324
2189 0.342
2190 0.328
2191 0.35
2192 0.367
2193 0.346
2194 0.385
2195 0.346
2196 0.441
2197 0.344
2198 0.375
2199 0.349
2200 0.346
2201 0.359
2202 0.349
2203 0.36
2204 0.344
2205 0.345
2206 0.372
2207 0.348
2208 0.35
2209 0.348
2210 0.351
2211 0.352
2212 0.35
2213 0.347
2214 0.351
2215 0.334
2216 0.353
2217 0.339
2218 0.362
2219 0.348
2220 0.361
2221 0.334
2222 0.355
2223 0.35
2224 0.365
2225 0.36
2226 0.35
2227 0.397
2228 0.388
2229 0.349
2230 0.394
2231 0.345
2232 0.358
2233 0.341
2234 0.347
2235 0.379
2236 0.347
2237 0.365
2238 0.341
2239 0.349
2240 0.343
2241 0.34
2242 0.357
2243 0.339
2244 0.373
2245 0.365
2246 0.349
2247 0.37
2248 0.352
2249 0.381
2250 0.374
2251 0.367
2252 0.349
2253 0.363
2254 0.354
2255 0.364
2256 0.377
2257 0.35
2258 0.415
2259 0.377
2260 0.354
2261 0.354
2262 0.354
2263 0.381
2264 0.396
2265 0.354
2266 0.377
2267 0.358
2268 0.383
2269 0.358
2270 0.362
2271 0.416
2272 0.362
2273 0.355
2274 0.355
2275 0.367
2276 0.378
2277 0.389
2278 0.357
2279 0.383
2280 0.352
2281 0.384
2282 0.378
2283 0.396
2284 0.361
2285 0.358
2286 0.383
2287 0.363
2288 0.369
2289 0.387
2290 0.407
2291 0.364
2292 0.365
2293 0.386
2294 0.412
2295 0.395
2296 0.364
2297 0.36
2298 0.362
2299 0.366
2300 0.364
2301 0.397
2302 0.351
2303 0.351
2304 0.368
2305 0.351
2306 0.352
2307 0.351
2308 0.351
2309 0.359
2310 0.519
2311 0.382
2312 0.372
2313 0.405
2314 0.375
2315 0.384
2316 0.389
2317 0.384
2318 0.367
2319 0.363
2320 0.362
2321 0.379
2322 0.368
2323 0.365
2324 0.378
2325 0.383
2326 0.389
2327 0.369
2328 0.367
2329 0.363
2330 0.371
2331 0.393
2332 0.369
2333 0.369
2334 0.396
2335 0.366
2336 0.392
2337 0.37
2338 0.374
2339 0.372
2340 0.392
2341 0.392
2342 0.397
2343 0.375
2344 0.39
2345 0.371
2346 0.372
2347 0.372
2348 0.383
2349 0.376
2350 0.395
2351 0.385
2352 0.384
2353 0.375
2354 0.374
2355 0.376
2356 0.373
2357 0.379
2358 0.366
2359 0.361
2360 0.364
2361 0.36
2362 0.363
2363 0.36
2364 0.363
2365 0.372
2366 0.371
2367 0.366
2368 0.363
2369 0.364
2370 0.366
2371 0.361
2372 0.359
2373 0.358
2374 0.359
2375 0.384
2376 0.384
2377 0.36
2378 0.382
2379 0.366
2380 0.369
2381 0.37
2382 0.374
2383 0.368
2384 0.368
2385 0.361
2386 0.367
2387 0.367
2388 0.362
2389 0.361
2390 0.367
2391 0.373
2392 0.396
2393 0.556
2394 0.406
2395 0.377
2396 0.379
2397 0.421
2398 0.379
2399 0.403
2400 0.376
2401 0.376
2402 0.407
2403 0.381
2404 0.377
2405 0.402
2406 0.407
2407 0.396
2408 0.377
2409 0.407
2410 0.381
2411 0.379
2412 0.378
2413 0.379
2414 0.381
2415 0.379
2416 0.394
2417 0.408
2418 0.382
2419 0.389
2420 0.397
2421 0.408
2422 0.399
2423 0.39
2424 0.393
2425 0.387
2426 0.379
2427 0.391
2428 0.398
2429 0.41
2430 0.394
2431 0.369
2432 0.379
2433 0.394
2434 0.38
2435 0.372
2436 0.394
2437 0.376
2438 0.404
2439 0.382
2440 0.393
2441 0.388
2442 0.363
2443 0.382
2444 0.365
2445 0.36
2446 0.373
2447 0.381
2448 0.396
2449 0.428
2450 0.389
2451 0.384
2452 0.395
2453 0.406
2454 0.409
2455 0.371
2456 0.367
2457 0.365
2458 0.381
2459 0.411
2460 0.382
2461 0.383
2462 0.396
2463 0.382
2464 0.387
2465 0.431
2466 0.383
2467 0.368
2468 0.364
2469 0.39
2470 0.405
2471 0.405
2472 0.368
2473 0.415
2474 0.389
2475 0.399
2476 0.384
2477 0.4
2478 0.423
2479 0.423
2480 0.389
2481 0.414
2482 0.391
2483 0.409
2484 0.406
2485 0.387
2486 0.423
2487 0.393
2488 0.395
2489 0.395
2490 0.412
2491 0.394
2492 0.378
2493 0.391
2494 0.38
2495 0.405
2496 0.401
2497 0.376
2498 0.379
2499 0.4
2500 0.455
2501 0.38
2502 0.38
2503 0.381
2504 0.374
2505 0.395
2506 0.388
2507 0.397
2508 0.38
2509 0.376
2510 0.407
2511 0.41
2512 0.384
2513 0.384
2514 0.414
2515 0.383
2516 0.4
2517 0.401
2518 0.399
2519 0.391
2520 0.403
2521 0.391
2522 0.408
2523 0.405
2524 0.406
2525 0.432
2526 0.433
2527 0.408
2528 0.428
2529 0.456
2530 0.396
2531 0.412
2532 0.396
2533 0.393
2534 0.39
2535 0.454
2536 0.389
2537 0.388
2538 0.406
2539 0.412
2540 0.412
2541 0.416
2542 0.391
2543 0.389
2544 0.391
2545 0.386
2546 0.394
2547 0.391
2548 0.407
2549 0.39
2550 0.39
2551 0.43
2552 0.403
2553 0.432
2554 0.418
2555 0.422
2556 0.405
2557 0.414
2558 0.44
2559 0.4
2560 0.403
2561 0.403
2562 0.426
2563 0.419
2564 0.398
2565 0.411
2566 0.478
2567 0.39
2568 0.401
2569 0.39
2570 0.409
2571 0.385
2572 0.386
2573 0.385
2574 0.432
2575 0.445
2576 0.464
2577 0.438
2578 0.412
2579 0.408
2580 0.409
2581 0.409
2582 0.441
2583 0.437
2584 0.444
2585 0.432
2586 0.439
2587 0.455
2588 0.413
2589 0.41
2590 0.425
2591 0.416
2592 0.442
2593 0.432
2594 0.438
2595 0.411
2596 0.438
2597 0.404
2598 0.404
2599 0.401
2600 0.429
2601 0.429
2602 0.477
2603 0.41
2604 0.436
2605 0.415
2606 0.419
2607 0.413
2608 0.427
2609 0.435
2610 0.417
2611 0.426
2612 0.425
2613 0.433
2614 0.412
2615 0.409
2616 0.41
2617 0.409
2618 0.406
2619 0.438
2620 0.426
2621 0.425
2622 0.422
2623 0.479
2624 0.42
2625 0.418
2626 0.443
2627 0.418
2628 0.448
2629 0.413
2630 0.435
2631 0.425
2632 0.416
2633 0.436
2634 0.415
2635 0.41
2636 0.423
2637 0.421
2638 0.453
2639 0.436
2640 0.441
2641 0.44
2642 0.44
2643 0.437
2644 0.421
2645 0.424
2646 0.423
2647 0.43
2648 0.442
2649 0.428
2650 0.429
2651 0.427
2652 0.442
2653 0.415
2654 0.605
2655 0.475
2656 0.414
2657 0.415
2658 0.416
2659 0.412
2660 0.44
2661 0.425
2662 0.431
2663 0.437
2664 0.421
2665 0.444
2666 0.422
2667 0.42
2668 0.433
2669 0.487
2670 0.455
2671 0.449
2672 0.433
2673 0.413
2674 0.413
2675 0.439
2676 0.414
2677 0.421
2678 0.416
2679 0.426
2680 0.419
2681 0.431
2682 0.437
2683 0.423
2684 0.431
2685 0.446
2686 0.457
2687 0.436
2688 0.532
2689 0.425
2690 0.441
2691 0.424
2692 0.435
2693 0.518
2694 0.44
2695 0.437
2696 0.44
2697 0.433
2698 0.489
2699 0.432
2700 0.435
2701 0.429
2702 0.458
2703 0.432
2704 0.451
2705 0.427
2706 0.425
2707 0.42
2708 0.427
2709 0.422
2710 0.471
2711 0.451
2712 0.454
2713 0.427
2714 0.431
2715 0.421
2716 0.424
2717 0.457
2718 0.424
2719 0.42
2720 0.431
2721 0.43
2722 0.428
2723 0.453
2724 0.431
2725 0.437
2726 0.44
2727 0.461
2728 0.442
2729 0.438
2730 0.457
2731 0.426
2732 0.442
2733 0.457
2734 0.448
2735 0.455
2736 0.434
2737 0.462
2738 0.44
2739 0.458
2740 0.442
2741 0.441
2742 0.439
2743 0.456
2744 0.44
2745 0.436
2746 0.434
2747 0.454
2748 0.436
2749 0.45
2750 0.434
2751 0.428
2752 0.425
2753 0.427
2754 0.429
2755 0.434
2756 0.467
2757 0.459
2758 0.463
2759 0.457
2760 0.441
2761 0.457
2762 0.456
2763 0.452
2764 0.439
2765 0.465
2766 0.457
2767 0.431
2768 0.431
2769 0.462
2770 0.459
2771 0.454
2772 0.451
2773 0.445
2774 0.444
2775 0.48
2776 0.433
2777 0.434
2778 0.43
2779 0.429
2780 0.428
2781 0.427
2782 0.439
2783 0.425
2784 0.425
2785 0.474
2786 0.473
2787 0.463
2788 0.447
2789 0.484
2790 0.461
2791 0.44
2792 0.429
2793 0.46
2794 0.433
2795 0.479
2796 0.452
2797 0.467
2798 0.457
2799 0.481
2800 0.447
2801 0.447
2802 0.44
2803 0.44
2804 0.456
2805 0.458
2806 0.488
2807 0.448
2808 0.481
2809 0.447
2810 0.448
2811 0.448
2812 0.471
2813 0.457
2814 0.451
2815 0.464
2816 0.464
2817 0.486
2818 0.478
2819 0.443
2820 0.465
2821 0.442
2822 0.441
2823 0.449
2824 0.443
2825 0.465
2826 0.436
2827 0.44
2828 0.438
2829 0.474
2830 0.449
2831 0.447
2832 0.45
2833 0.443
2834 0.462
2835 0.462
2836 0.494
2837 0.458
2838 0.488
2839 0.462
2840 0.471
2841 0.476
2842 0.466
2843 0.44
2844 0.49
2845 0.466
2846 0.441
2847 0.435
2848 0.461
2849 0.458
2850 0.475
2851 0.461
2852 0.482
2853 0.451
2854 0.472
2855 0.467
2856 0.464
2857 0.463
2858 0.555
2859 0.485
2860 0.497
2861 0.487
2862 0.468
2863 0.474
2864 0.448
2865 0.462
2866 0.452
2867 0.482
2868 0.469
2869 0.451
2870 0.454
2871 0.447
2872 0.468
2873 0.455
2874 0.458
2875 0.501
2876 0.499
2877 0.46
2878 0.487
2879 0.485
2880 0.461
2881 0.454
2882 0.507
2883 0.454
2884 0.478
2885 0.485
2886 0.457
2887 0.454
2888 0.463
2889 0.516
2890 0.493
2891 0.51
2892 0.489
2893 0.462
2894 0.535
2895 0.47
2896 0.469
2897 0.503
2898 0.471
2899 0.477
2900 0.481
2901 0.489
2902 0.465
2903 0.444
2904 0.531
2905 0.445
2906 0.44
2907 0.569
2908 0.47
2909 0.471
2910 0.47
2911 0.494
2912 0.462
2913 0.486
2914 0.478
2915 0.468
2916 0.473
2917 0.469
2918 0.515
2919 0.488
2920 0.473
2921 0.491
2922 0.476
2923 0.461
2924 0.47
2925 0.458
2926 0.469
2927 0.487
2928 0.468
2929 0.473
2930 0.583
2931 0.469
2932 0.468
2933 0.486
2934 0.469
2935 0.472
2936 0.482
2937 0.468
2938 0.465
2939 0.489
2940 0.476
2941 0.476
2942 0.474
2943 0.499
2944 0.473
2945 0.467
2946 0.47
2947 0.47
2948 0.473
2949 0.468
2950 0.5
2951 0.474
2952 0.493
2953 0.474
2954 0.488
2955 0.483
2956 0.476
2957 0.508
2958 0.516
2959 0.478
2960 0.528
2961 0.51
2962 0.502
2963 0.507
2964 0.479
2965 0.47
2966 0.498
2967 0.492
2968 0.469
2969 0.496
2970 0.489
2971 0.473
2972 0.499
2973 0.466
2974 0.479
2975 0.501
2976 0.483
2977 0.48
2978 0.491
2979 0.48
2980 0.476
2981 0.475
2982 0.487
2983 0.468
2984 0.492
2985 0.501
2986 0.492
2987 0.466
2988 0.467
2989 0.461
2990 0.474
2991 0.495
2992 0.463
2993 0.461
2994 0.501
2995 0.494
2996 0.48
2997 0.488
2998 0.463
2999 0.52
3000 0.511
3001 0.492
3002 0.495
3003 0.476
3004 0.47
3005 0.467
3006 0.483
3007 0.467
3008 0.485
3009 0.51
3010 0.511
3011 0.495
3012 0.464
3013 0.461
3014 0.475
3015 0.497
3016 0.511
3017 0.513
3018 0.482
3019 0.502
3020 0.525
3021 0.528
3022 0.496
3023 0.501
3024 0.493
3025 0.509
3026 0.487
3027 0.48
3028 0.479
3029 0.49
3030 0.495
3031 0.474
3032 0.483
3033 0.512
3034 0.476
3035 0.489
3036 0.476
3037 0.523
3038 0.521
3039 0.519
3040 0.525
3041 0.478
3042 0.51
3043 0.541
3044 0.479
3045 0.566
3046 0.503
3047 0.47
3048 0.475
3049 0.495
3050 0.511
3051 0.576
3052 0.492
3053 0.494
3054 0.579
3055 0.535
3056 0.615
3057 0.527
3058 0.506
3059 0.588
3060 0.494
3061 0.489
3062 0.531
3063 0.542
3064 0.736
3065 0.504
3066 0.51
3067 0.497
3068 0.505
3069 0.515
3070 0.483
3071 0.524
3072 0.517
3073 0.532
3074 0.523
3075 0.525
3076 0.516
3077 0.488
3078 0.512
3079 0.592
3080 0.568
3081 0.507
3082 0.534
3083 0.487
3084 0.489
3085 0.501
3086 0.601
3087 0.542
3088 0.532
3089 0.519
3090 0.515
3091 0.527
3092 0.532
3093 0.526
3094 0.553
3095 0.538
3096 0.532
3097 0.51
3098 0.511
3099 0.483
3100 0.526
3101 0.513
3102 0.477
3103 0.501
3104 0.505
3105 0.528
3106 0.601
3107 0.487
3108 0.484
3109 0.496
3110 0.513
3111 0.672
3112 0.537
3113 0.542
3114 0.493
3115 0.524
3116 0.495
3117 0.5
3118 0.537
3119 0.518
3120 0.525
3121 0.591
3122 0.547
3123 0.544
3124 0.582
3125 0.55
3126 0.525
3127 0.506
3128 0.563
3129 0.572
3130 0.521
3131 0.623
3132 0.542
3133 0.625
3134 0.68
3135 0.676
3136 0.537
3137 0.517
3138 0.541
3139 0.519
3140 0.531
3141 0.51
3142 0.572
3143 0.498
3144 0.519
3145 0.544
3146 0.598
3147 0.513
3148 0.552
3149 0.553
3150 0.544
3151 0.599
3152 0.567
3153 0.524
3154 0.611
3155 0.522
3156 0.52
3157 0.522
3158 0.551
3159 0.553
3160 0.569
3161 0.564
3162 0.565
3163 0.508
3164 0.502
3165 0.53
3166 0.58
3167 0.563
3168 0.641
3169 0.535
3170 0.555
3171 0.547
3172 0.522
3173 0.536
3174 0.507
3175 0.51
3176 0.507
3177 0.531
3178 0.508
3179 0.509
3180 0.599
3181 0.527
3182 0.51
3183 0.532
3184 0.525
3185 0.518
3186 0.511
3187 0.508
3188 0.542
3189 0.555
3190 0.644
3191 0.575
3192 0.569
3193 0.547
3194 0.813
3195 0.53
3196 0.503
3197 0.571
3198 0.618
3199 0.536
3200 0.55
3201 0.506
3202 0.515
3203 0.49
3204 0.495
3205 0.527
3206 0.497
3207 0.535
3208 0.615
3209 0.557
3210 0.531
3211 0.549
3212 0.555
3213 0.533
3214 0.534
3215 0.546
3216 0.542
3217 0.552
3218 0.557
3219 0.493
3220 0.494
3221 0.531
3222 0.504
3223 0.506
3224 0.55
3225 0.612
3226 0.544
3227 0.559
3228 0.519
3229 0.528
3230 0.556
3231 0.525
3232 0.541
3233 0.529
3234 0.523
3235 0.595
3236 0.537
3237 0.546
3238 0.517
3239 0.558
3240 0.537
3241 0.537
3242 0.544
3243 0.534
3244 0.564
3245 0.521
3246 0.557
3247 0.541
3248 0.555
3249 0.546
3250 0.516
3251 0.543
3252 0.519
3253 0.526
3254 0.54
3255 0.542
3256 0.522
3257 0.534
3258 0.554
3259 0.591
3260 0.535
3261 0.511
3262 0.54
3263 0.514
3264 0.553
3265 0.572
3266 0.546
3267 0.529
3268 0.559
3269 0.527
3270 0.546
3271 0.555
3272 0.562
3273 0.573
3274 0.552
3275 0.544
3276 0.578
3277 0.557
3278 0.536
3279 0.551
3280 0.574
3281 0.532
3282 0.545
3283 0.54
3284 0.539
3285 0.566
3286 0.574
3287 0.529
3288 0.561
3289 0.54
3290 0.538
3291 0.536
3292 0.556
3293 0.532
3294 0.551
3295 0.541
3296 0.557
3297 0.72
3298 0.56
3299 0.573
3300 0.6
3301 0.542
3302 0.54
3303 0.566
3304 0.533
3305 0.544
3306 0.538
3307 0.524
3308 0.55
3309 0.524
3310 0.558
3311 0.55
3312 0.544
3313 0.549
3314 0.519
3315 0.526
3316 0.515
3317 0.539
3318 0.567
3319 0.559
3320 0.569
3321 0.541
3322 0.515
3323 0.602
3324 0.516
3325 0.522
3326 0.644
3327 0.513
3328 0.536
3329 0.54
3330 0.561
3331 0.547
3332 0.543
3333 0.569
3334 0.578
3335 0.524
3336 0.553
3337 0.541
3338 0.559
3339 0.554
3340 0.582
3341 0.536
3342 0.535
3343 0.558
3344 0.534
3345 0.548
3346 0.544
3347 0.544
3348 0.541
3349 0.533
3350 0.54
3351 0.516
3352 0.548
3353 0.517
3354 0.53
3355 0.56
3356 0.56
3357 0.569
3358 0.537
3359 0.534
3360 0.559
3361 0.56
3362 0.561
3363 0.577
3364 0.56
3365 0.552
3366 0.586
3367 0.691
3368 0.623
3369 0.56
3370 0.553
3371 0.564
3372 0.565
3373 0.549
3374 0.571
3375 0.55
3376 0.55
3377 0.566
3378 0.549
3379 0.549
3380 0.567
3381 0.545
3382 0.559
3383 0.542
3384 0.551
3385 0.583
3386 0.579
3387 0.555
3388 0.568
3389 0.574
3390 0.549
3391 0.549
3392 0.564
3393 0.535
3394 0.535
3395 0.571
3396 0.562
3397 0.558
3398 0.574
3399 0.575
3400 0.566
3401 0.568
3402 0.58
3403 0.557
3404 0.586
3405 0.588
3406 0.585
3407 0.57
3408 0.599
3409 0.575
3410 0.603
3411 0.54
3412 0.542
3413 0.558
3414 0.541
3415 0.872
3416 0.583
3417 0.598
3418 0.576
3419 0.642
3420 0.544
3421 0.538
3422 0.551
3423 0.582
3424 0.553
3425 0.538
3426 0.55
3427 0.553
3428 0.567
3429 0.588
3430 0.587
3431 0.593
3432 0.571
3433 0.572
3434 3.641
3435 0.559
3436 0.583
3437 0.581
3438 0.581
3439 0.57
3440 0.557
3441 0.589
3442 0.668
3443 0.555
3444 0.585
3445 0.559
3446 0.563
3447 0.574
3448 0.57
3449 0.568
3450 0.555
3451 0.573
3452 0.594
3453 0.566
3454 0.621
3455 0.639
3456 0.553
3457 0.569
3458 0.635
3459 0.573
3460 0.578
3461 0.611
3462 0.582
3463 0.75
3464 0.576
3465 0.577
3466 0.595
3467 0.544
3468 0.558
3469 0.568
3470 0.542
3471 0.612
3472 0.587
3473 0.595
3474 0.557
3475 0.562
3476 0.565
3477 0.565
3478 0.558
3479 0.576
3480 0.547
3481 0.57
3482 0.561
3483 0.556
3484 0.603
3485 0.591
3486 0.568
3487 0.553
3488 0.559
3489 0.571
3490 0.593
3491 0.594
3492 0.571
3493 0.61
3494 0.565
3495 0.566
3496 0.577
3497 0.576
3498 0.601
3499 0.581
3500 0.551
3501 0.548
3502 0.585
3503 0.594
3504 0.569
3505 0.58
3506 0.558
3507 0.586
3508 0.617
3509 0.592
3510 0.605
3511 0.6
3512 0.606
3513 0.578
3514 0.581
3515 0.583
3516 0.583
3517 0.602
3518 0.606
3519 0.576
3520 0.578
3521 0.589
3522 0.581
3523 0.584
3524 0.592
3525 0.584
3526 0.581
3527 0.566
3528 0.598
3529 0.89
3530 0.576
3531 0.58
3532 0.597
3533 0.6
3534 0.601
3535 0.601
3536 0.582
3537 0.58
3538 0.579
3539 0.589
3540 0.605
3541 0.599
3542 0.584
3543 0.573
3544 0.577
3545 0.56
3546 0.557
3547 0.567
3548 0.553
3549 0.592
3550 0.613
3551 0.594
3552 0.559
3553 0.567
3554 0.584
3555 0.592
3556 0.593
3557 0.623
3558 0.588
3559 0.611
3560 0.61
3561 0.596
3562 0.618
3563 0.615
3564 0.604
3565 0.589
3566 0.604
3567 0.613
3568 0.59
3569 0.589
3570 0.555
3571 0.567
3572 0.594
3573 0.597
3574 0.622
3575 0.596
3576 0.59
3577 0.595
3578 0.629
3579 0.723
3580 0.589
3581 0.586
3582 0.613
3583 0.603
3584 0.616
3585 0.572
3586 0.603
3587 0.568
3588 0.624
3589 0.62
3590 0.622
3591 0.675
3592 0.599
3593 0.59
3594 0.598
3595 0.585
3596 0.597
3597 0.599
3598 0.595
3599 0.599
3600 0.608
3601 0.594
3602 0.579
3603 0.632
3604 0.62
3605 0.598
3606 0.583
3607 0.578
3608 0.614
3609 0.57
3610 0.564
3611 0.599
3612 0.612
3613 0.605
3614 0.584
3615 0.581
3616 0.598
3617 0.618
3618 0.628
3619 0.595
3620 0.59
3621 0.636
3622 0.936
3623 0.6
3624 0.601
3625 0.609
3626 0.634
3627 0.603
3628 0.619
3629 0.63
3630 0.605
3631 0.606
3632 0.6
3633 0.629
3634 0.605
3635 0.626
3636 0.641
3637 0.596
3638 0.607
3639 0.607
3640 0.616
3641 0.593
3642 0.667
3643 0.591
3644 0.631
3645 0.627
3646 0.631
3647 0.604
3648 0.61
3649 0.617
3650 0.621
3651 0.618
3652 0.616
3653 0.635
3654 0.648
3655 0.635
3656 0.671
3657 0.603
3658 0.604
3659 0.58
3660 0.603
3661 0.573
3662 0.644
3663 0.623
3664 0.662
3665 0.612
3666 0.614
3667 0.61
3668 0.623
3669 0.614
3670 0.59
3671 0.585
3672 0.626
3673 0.6
3674 0.609
3675 0.578
3676 0.578
3677 0.589
3678 0.579
3679 0.614
3680 0.615
3681 0.611
3682 0.595
3683 0.606
3684 0.609
3685 0.601
3686 0.627
3687 0.654
3688 0.619
3689 0.627
3690 0.616
3691 0.614
3692 0.611
3693 0.585
3694 0.586
3695 0.582
3696 0.618
3697 0.628
3698 0.647
3699 0.577
3700 0.592
3701 0.598
3702 0.596
3703 0.615
3704 0.607
3705 0.617
3706 0.59
3707 0.61
3708 0.639
3709 0.61
3710 0.625
3711 0.65
3712 0.619
3713 0.611
3714 0.608
3715 0.592
3716 0.593
3717 0.623
3718 0.606
3719 0.617
3720 0.613
3721 0.592
3722 0.609
3723 0.619
3724 0.607
3725 0.617
3726 0.677
3727 0.935
3728 0.621
3729 0.635
3730 0.625
3731 0.648
3732 0.638
3733 0.655
3734 0.623
3735 0.636
3736 0.634
3737 0.616
3738 0.632
3739 0.629
3740 0.635
3741 0.611
3742 0.652
3743 0.642
3744 0.639
3745 0.615
3746 0.661
3747 0.658
3748 0.665
3749 0.652
3750 0.649
3751 0.641
3752 0.631
3753 0.645
3754 0.643
3755 0.653
3756 0.633
3757 0.63
3758 0.646
3759 0.622
3760 0.664
3761 0.608
3762 0.611
3763 0.615
3764 0.721
3765 0.633
3766 0.602
3767 0.593
3768 0.626
3769 0.645
3770 0.643
3771 0.647
3772 0.747
3773 0.619
3774 0.626
3775 0.618
3776 0.653
3777 0.656
3778 0.648
3779 0.632
3780 0.635
3781 0.633
3782 0.623
3783 0.624
3784 0.634
3785 0.627
3786 0.6
3787 0.599
3788 0.625
3789 0.648
3790 0.65
3791 0.659
3792 0.643
3793 0.663
3794 0.647
3795 0.671
3796 0.849
3797 0.628
3798 0.64
3799 0.618
3800 0.621
3801 0.657
3802 0.656
3803 0.646
3804 0.644
3805 0.64
3806 0.664
3807 0.645
3808 0.663
3809 0.639
3810 0.652
3811 0.64
3812 0.664
3813 0.666
3814 0.629
3815 0.641
3816 0.656
3817 0.652
3818 0.644
3819 0.642
3820 0.656
3821 0.641
3822 0.61
3823 0.599
3824 0.599
3825 0.632
3826 0.641
3827 0.636
3828 0.648
3829 0.654
3830 0.644
3831 0.636
3832 0.663
3833 0.623
3834 0.64
3835 0.67
3836 0.881
3837 0.649
3838 0.652
3839 0.65
3840 0.658
3841 0.617
3842 0.633
3843 0.632
3844 0.65
3845 0.657
3846 0.641
3847 0.641
3848 0.67
3849 0.684
3850 0.656
3851 0.683
3852 0.638
3853 0.767
3854 0.678
3855 0.659
3856 0.654
3857 0.671
3858 0.664
3859 0.622
3860 0.631
3861 0.623
3862 0.655
3863 0.642
3864 0.664
3865 0.67
3866 0.689
3867 0.675
3868 0.651
3869 0.674
3870 0.629
3871 0.626
3872 0.659
3873 0.644
3874 0.652
3875 0.63
3876 0.633
3877 0.655
3878 0.65
3879 0.659
3880 0.621
3881 0.64
3882 0.722
3883 0.678
3884 0.65
3885 0.646
3886 0.653
3887 0.651
3888 0.627
3889 0.637
3890 0.65
3891 0.695
3892 0.701
3893 0.667
3894 0.685
3895 0.678
3896 0.674
3897 0.697
3898 0.624
3899 0.673
3900 0.642
3901 0.669
3902 0.677
3903 0.659
3904 0.612
3905 0.636
3906 0.63
3907 0.634
3908 0.64
3909 0.637
3910 0.635
3911 0.684
3912 0.665
3913 0.681
3914 0.68
3915 0.686
3916 0.684
3917 0.671
3918 0.667
3919 0.657
3920 0.656
3921 0.683
3922 0.662
3923 0.691
3924 0.636
3925 0.634
3926 0.625
3927 0.678
3928 0.69
3929 0.616
3930 0.631
3931 0.642
3932 0.683
3933 0.649
3934 0.679
3935 0.681
3936 0.669
3937 0.664
3938 0.649
3939 0.66
3940 0.707
3941 0.676
3942 0.666
3943 0.661
3944 0.656
3945 0.651
3946 0.695
3947 0.714
3948 0.684
3949 0.685
3950 0.665
3951 0.661
3952 0.66
3953 0.645
3954 0.673
3955 0.671
3956 0.661
3957 0.645
3958 0.66
3959 0.645
3960 0.678
3961 0.681
3962 0.683
3963 0.708
3964 0.676
3965 0.696
3966 0.688
3967 0.7
3968 0.654
3969 0.633
3970 0.648
3971 0.629
3972 0.657
3973 0.658
3974 0.693
3975 0.664
3976 0.662
3977 0.726
3978 0.658
3979 0.666
3980 0.662
3981 0.663
3982 0.68
3983 0.683
3984 0.675
3985 0.673
3986 0.683
3987 0.685
3988 0.676
3989 0.674
3990 0.676
3991 0.678
3992 0.657
3993 0.685
3994 0.677
3995 0.701
3996 0.71
3997 0.703
3998 0.665
3999 0.704
4000 0.704
