1 0.253
2 0.262
3 0.242
4 0.248
5 0.251
6 0.256
7 0.261
8 0.266
9 0.284
10 0.275
11 0.281
12 0.297
13 0.292
14 0.297
15 0.301
16 0.308
17 0.325
18 0.319
19 0.343
20 0.333
21 0.337
22 0.354
23 0.347
24 0.379
25 0.36
26 0.385
27 0.37
28 0.376
29 0.383
30 0.39
31 0.479
32 0.443
33 0.408
34 0.446
35 0.42
36 0.439
37 0.433
38 0.451
39 0.451
40 0.499
41 0.461
42 0.49
43 0.483
44 0.481
45 0.497
46 0.496
47 0.526
48 0.506
49 0.517
50 0.537
51 0.531
52 0.571
53 0.568
54 0.551
55 0.583
56 0.577
57 0.576
58 0.594
59 0.607
60 0.604
61 0.628
62 0.626
63 0.654
64 0.631
65 0.653
66 0.672
67 0.664
68 0.662
69 0.684
70 0.686
71 0.707
72 0.692
73 0.709
74 0.718
75 0.726
76 0.766
77 0.747
78 0.74
79 0.765
80 0.776
81 0.764
82 0.775
83 0.793
84 0.818
85 0.816
86 0.826
87 0.825
88 0.834
89 0.847
90 0.861
91 0.881
92 0.871
93 0.878
94 0.897
95 0.905
96 0.906
97 0.931
98 0.973
99 0.935
100 1.023
101 0.964
102 0.963
103 0.974
104 0.983
105 1.014
106 1.002
107 1.014
108 1.019
109 1.043
110 1.041
111 1.049
112 1.098
113 1.086
114 1.084
115 1.105
116 1.125
117 1.115
118 1.139
119 1.148
120 1.145
121 1.155
122 1.187
123 1.183
124 1.205
125 1.226
126 1.21
127 1.22
128 1.239
129 1.248
130 1.251
131 1.279
132 1.286
133 1.291
134 1.309
135 1.305
136 1.356
137 1.326
138 1.357
139 1.355
140 1.366
141 1.372
142 1.402
143 1.393
144 1.422
145 1.447
146 1.436
147 1.45
148 1.455
149 1.477
150 1.506
151 1.502
152 1.526
153 1.522
154 1.561
155 1.557
156 1.552
157 1.591
158 1.599
159 1.595
160 1.603
161 1.623
162 1.643
163 1.663
164 1.665
165 1.671
166 1.696
167 1.707
168 1.705
169 1.718
170 1.758
171 1.761
172 1.787
173 1.783
174 1.788
175 1.807
176 1.819
177 1.836
178 1.839
179 1.895
180 1.861
181 1.877
182 1.89
183 1.908
184 1.916
185 1.933
186 1.936
187 1.977
188 1.971
189 1.988
190 1.988
191 2.016
192 2.031
193 2.04
194 2.083
195 2.057
196 2.084
197 2.097
198 2.116
199 2.115
200 2.138
201 2.151
202 2.173
203 2.185
204 2.177
205 2.209
206 2.214
207 2.236
208 2.244
209 2.28
210 2.307
211 2.286
212 2.325
213 2.384
214 2.331
215 2.355
216 2.369
217 2.374
218 2.397
219 2.415
220 2.431
221 2.447
222 2.477
223 2.513
224 2.489
225 3.447
226 3.614
227 3.161
228 2.562
229 2.593
230 2.58
231 2.59
232 2.622
233 2.636
234 2.655
235 2.651
236 2.689
237 2.698
238 2.719
239 2.729
240 2.756
241 2.765
242 2.762
243 2.801
244 2.807
245 2.836
246 2.833
247 2.851
248 2.865
249 2.88
250 2.919
251 2.926
252 2.931
253 2.943
254 2.975
255 2.995
256 3.011
257 3.024
258 3.058
259 3.033
260 3.097
261 3.094
262 3.11
263 3.113
264 3.145
265 3.159
266 3.197
267 3.194
268 3.23
269 3.229
270 3.246
271 3.25
272 3.281
273 3.363
274 3.313
275 3.345
276 3.35
277 3.409
278 3.4
279 3.408
280 3.427
281 3.462
282 3.521
283 3.473
284 3.496
285 3.51
286 3.52
287 3.559
288 3.57
289 3.594
290 3.64
291 3.661
292 3.664
293 3.696
294 3.678
295 3.7
296 3.719
297 3.76
298 3.764
299 3.783
300 3.794
301 3.834
302 3.836
303 3.836
304 3.882
305 3.929
306 3.928
307 3.964
308 3.939
309 3.981
310 4.123
311 4.064
312 4.041
313 4.066
314 4.061
315 4.089
316 4.133
317 4.127
318 4.143
319 4.192
320 4.191
321 4.197
322 4.229
323 4.259
324 4.267
325 4.285
326 4.316
327 4.335
328 4.329
329 4.392
330 4.373
331 4.399
332 4.419
333 4.446
334 4.469
335 4.475
336 4.515
337 4.525
338 4.576
339 4.587
340 4.606
341 4.605
342 4.649
343 4.661
344 4.661
345 4.715
346 4.708
347 4.73
348 4.771
349 4.792
350 4.856
351 4.944
352 4.882
353 4.925
354 4.929
355 4.936
356 4.987
357 5.062
358 5.041
359 5.02
360 5.076
361 5.087
362 5.121
363 5.117
364 5.143
365 5.179
366 5.179
367 5.223
368 5.241
369 5.26
370 5.282
371 5.373
372 5.33
373 5.333
374 5.381
375 5.39
376 5.438
377 5.459
378 5.465
379 5.483
380 5.52
381 5.538
382 5.532
383 5.574
384 5.606
385 5.599
386 5.627
387 5.669
388 5.675
389 5.747
390 5.712
391 5.762
392 5.793
393 5.809
394 5.841
395 5.888
396 5.869
397 5.92
398 5.916
399 5.944
400 6.012
401 5.985
402 6.066
403 6.054
404 6.071
405 6.098
406 6.128
407 6.176
408 6.147
409 6.203
410 6.192
411 6.258
412 6.248
413 6.288
414 6.317
415 6.323
416 6.377
417 6.384
418 6.405
419 6.411
420 6.481
421 6.472
422 6.478
423 6.526
424 6.541
425 6.624
426 6.615
427 6.664
428 6.672
429 6.745
430 6.798
431 6.787
432 6.754
433 6.785
434 6.822
435 6.848
436 6.856
437 6.879
438 6.973
439 9.285
440 7.08
441 7.052
442 7.058
443 7.095
444 7.138
445 7.123
446 7.173
447 7.154
448 7.222
449 7.226
450 7.261
451 7.269
452 7.292
453 7.335
454 7.395
455 7.384
456 7.431
457 7.43
458 7.532
459 7.507
460 7.516
461 7.569
462 7.576
463 7.622
464 7.651
465 7.685
466 7.686
467 7.721
468 7.733
469 7.808
470 7.79
471 7.821
472 7.872
473 7.886
474 7.891
475 8.065
476 7.979
477 8.04
478 8.069
479 8.108
480 8.11
481 8.115
482 8.131
483 8.225
484 8.216
485 8.207
486 8.32
487 8.269
488 8.344
489 8.308
490 8.39
491 8.366
492 8.459
493 8.458
494 8.519
495 8.576
496 8.546
497 8.605
498 8.625
499 8.641
500 8.606
501 8.697
502 8.719
503 8.785
504 8.746
505 8.804
506 8.869
507 8.892
508 8.917
509 8.924
510 8.942
511 8.935
512 9.023
513 9.103
514 9.048
515 9.077
516 9.117
517 9.181
518 9.33
519 9.172
520 9.463
521 9.243
522 9.28
523 9.351
524 9.337
525 9.399
526 9.429
527 9.436
528 9.553
529 9.516
530 9.512
531 9.618
532 9.604
533 9.669
534 9.635
535 9.723
536 9.707
537 9.766
538 9.752
539 9.772
540 9.818
541 9.893
542 9.866
543 9.98
544 9.952
545 10.069
546 10.081
547 10.059
548 10.151
549 10.167
550 10.135
551 10.234
552 10.184
553 10.31
554 10.397
555 10.376
556 10.329
557 10.33
558 10.399
559 10.461
560 10.447
561 10.555
562 10.502
563 10.579
564 10.587
565 10.631
566 10.593
567 10.748
568 10.718
569 10.747
570 10.769
571 10.811
572 10.855
573 11.155
574 10.979
575 11.079
576 10.99
577 11.158
578 10.983
579 11.083
580 11.097
581 11.129
582 11.166
583 11.161
584 11.251
585 11.351
586 11.358
587 11.365
588 11.376
589 11.381
590 11.473
591 11.484
592 11.492
593 11.586
594 11.761
595 11.661
596 11.635
597 11.746
598 11.795
599 11.807
600 11.833
601 11.86
602 11.976
603 11.923
604 11.958
605 12.006
606 12.021
607 12.087
608 12.091
609 12.146
610 12.179
611 12.405
612 12.185
613 12.228
614 12.271
615 12.347
616 12.354
617 12.506
618 12.437
619 12.52
620 12.509
621 12.521
622 12.593
623 12.649
624 12.645
625 12.665
626 12.684
627 12.815
628 12.83
629 12.832
630 12.834
631 12.877
632 13.01
633 12.934
634 12.995
635 13.024
636 13.054
637 13.179
638 13.172
639 13.24
640 13.193
641 13.2
642 13.28
643 13.322
644 13.384
645 13.46
646 13.433
647 13.48
648 13.483
649 13.527
650 13.562
651 13.655
652 13.715
653 13.727
654 13.725
655 13.737
656 14.138
657 13.902
658 13.837
659 13.924
660 14.007
661 13.975
662 13.978
663 14.043
664 14.161
665 14.159
666 14.177
667 14.296
668 14.222
669 14.179
670 14.27
671 14.375
672 14.385
673 14.527
674 14.616
675 14.608
676 14.576
677 14.496
678 14.567
679 14.612
680 14.625
681 14.592
682 14.706
683 14.766
684 14.864
685 14.822
686 14.835
687 14.881
688 14.948
689 14.967
690 14.97
691 15.06
692 15.068
693 15.13
694 15.103
695 15.159
696 15.19
697 15.244
698 15.285
699 15.321
700 15.399
701 15.471
702 15.431
703 15.504
704 15.498
705 15.621
706 15.601
707 15.717
708 15.762
709 16.031
710 16.049
711 16.094
712 16.121
713 16.127
714 16.155
715 16.266
716 16.479
717 16.573
718 16.412
719 16.666
720 16.507
721 16.495
722 16.4
723 16.498
724 16.485
725 16.373
726 16.429
727 16.415
728 16.5
729 16.534
730 16.851
731 16.944
732 17.203
733 16.936
734 16.957
735 17.007
736 17.072
737 17.151
738 17.074
739 17.163
740 17.137
741 17.205
742 17.255
743 17.276
744 17.294
745 17.294
746 17.422
747 17.487
748 17.561
749 17.578
750 17.777
751 17.813
752 17.795
753 17.701
754 17.745
755 17.723
756 17.851
757 17.781
758 17.851
759 17.791
760 17.927
761 17.964
762 18.289
763 18.157
764 18.147
765 18.09
766 18.034
767 18.155
768 20.684
769 22.409
770 18.177
771 18.197
772 18.336
773 18.278
774 18.55
775 18.296
776 18.44
777 18.568
778 18.478
779 18.568
780 18.562
781 18.624
782 18.661
783 18.736
784 18.936
785 18.899
786 18.972
787 19.043
788 19.122
789 19.075
790 19.239
791 19.12
792 19.131
793 19.245
794 19.219
795 19.242
796 19.348
797 19.384
798 19.398
799 19.511
800 19.564
801 19.581
802 19.644
803 19.636
804 19.836
805 19.854
806 19.916
807 23.335
808 21.467
809 22.383
810 21.985
811 22.171
812 21.501
813 22.238
814 25.342
815 25.133
816 20.473
817 20.577
818 21.606
819 20.544
820 20.426
821 20.802
822 20.612
823 20.82
824 20.645
825 20.988
826 20.687
827 20.741
828 20.736
829 20.814
830 20.939
831 21.037
832 20.92
833 20.946
834 20.908
835 21.024
836 21.346
837 21.801
838 22.485
839 22.06
840 21.81
841 21.448
842 21.503
843 21.609
844 21.608
845 21.803
846 21.694
847 21.524
848 21.498
849 21.591
850 21.647
851 23.7
852 22.099
853 22.031
854 22.249
855 22.522
856 22.131
857 22.21
858 22.193
859 22.239
860 22.582
861 23.575
862 25.501
863 22.326
864 24.797
865 22.751
866 22.761
867 25.314
868 22.958
869 23.354
870 23.002
871 22.97
872 23.099
873 23.063
874 23.621
875 29.462
876 23.663
877 25.643
878 24.782
879 26.905
880 33.068
881 33.421
882 24.884
883 29.115
884 23.483
885 23.354
886 23.362
887 23.405
888 23.551
889 23.747
890 23.733
891 24.076
892 23.803
893 24.079
894 23.94
895 24.332
896 24.086
897 24.318
898 24.059
899 24.482
900 24.266
901 24.756
902 24.226
903 24.296
904 24.467
905 26.718
906 31.245
907 30.28
908 24.3
909 24.319
910 24.435
911 24.499
912 26.559
913 25.122
914 24.905
915 25.547
916 27.089
917 24.911
918 24.832
919 24.888
920 24.922
921 24.913
922 30.232
923 25.162
924 25.063
925 25.111
926 25.265
927 26.835
928 34.883
929 35.223
930 37.445
931 32.778
932 33.066
933 27.867
934 30.315
935 26.636
936 29.862
937 27.047
938 27.289
939 30.128
940 27.559
941 26.9
942 26.98
943 28.667
944 26.657
945 26.816
946 26.524
947 27.82
948 28.748
949 28.953
950 26.762
951 26.645
952 26.696
953 26.859
954 27.24
955 27.127
956 27.573
957 27.274
958 26.963
959 27
960 26.832
961 26.967
962 27.866
963 27.254
964 26.996
965 31.11
966 27.508
967 27.269
968 27.392
969 27.35
970 27.446
971 27.522
972 27.617
973 28.003
974 27.674
975 35.517
976 35.684
977 27.74
978 27.923
979 27.862
980 28.126
981 27.963
982 28.291
983 29.201
984 39.145
985 28.315
986 28.333
987 28.311
988 33.395
989 28.691
990 28.596
991 28.556
992 28.619
993 28.657
994 28.627
995 28.754
996 28.778
997 28.851
998 29.032
999 29.189
1000 29.107
1001 29.118
1002 30.271
1003 29.157
1004 29.217
1005 30.315
1006 29.365
1007 29.689
1008 30.173
1009 29.788
1010 30.26
1011 29.629
1012 29.775
1013 29.728
1014 29.758
1015 30.055
1016 30.045
1017 30.252
1018 31.865
1019 30.361
1020 30.159
1021 30.522
1022 30.922
1023 30.777
1024 31.325
1025 30.427
1026 30.653
1027 30.879
1028 30.482
1029 30.593
1030 30.655
1031 31.172
1032 30.734
1033 30.873
1034 30.814
1035 30.884
1036 31.175
1037 31.049
1038 31.044
1039 31.329
1040 31.392
1041 31.506
1042 31.792
1043 31.552
1044 31.44
1045 33.837
1046 31.985
1047 32.865
1048 34.381
1049 32.206
1050 32.222
1051 32.395
1052 32.39
1053 32.146
1054 32.662
1055 32.98
1056 32.323
1057 32.449
1058 32.381
1059 32.332
1060 32.238
1061 32.68
1062 33.109
1063 33.056
1064 33.584
1065 33.72
1066 33.601
1067 33.76
1068 33.321
1069 32.988
1070 33.326
1071 40.005
1072 47.005
1073 35.253
1074 33.039
1075 33.286
1076 33.354
1077 33.078
1078 36.896
1079 33.797
1080 33.117
1081 33.153
1082 33.218
1083 33.231
1084 33.525
1085 34.098
1086 34.215
1087 34.287
1088 34.339
1089 34.226
1090 34.488
1091 34.007
1092 33.852
1093 33.91
1094 33.955
1095 34.049
1096 34.272
1097 34.098
1098 34.203
1099 34.96
1100 35.108
1101 34.885
1102 35.362
1103 34.7
1104 35.128
1105 36.011
1106 35.636
1107 38.316
1108 35.085
1109 35.024
1110 35.577
1111 35.987
1112 35.651
1113 35.644
1114 35.944
1115 35.457
1116 35.325
1117 35.436
1118 35.915
1119 37.856
1120 35.954
1121 36.25
1122 35.906
1123 41.679
1124 45.985
1125 40.69
1126 36.344
1127 36.111
1128 35.975
1129 36.025
1130 36.103
1131 36.878
1132 36.356
1133 36.391
1134 36.443
1135 47.869
1136 41.435
1137 37.969
1138 37.116
1139 37.039
1140 37.055
1141 37.082
1142 37.019
1143 37.123
1144 37.65
1145 37.072
1146 37.113
1147 37.204
1148 37.27
1149 37.262
1150 37.276
1151 37.474
1152 37.483
1153 38.09
1154 37.674
1155 37.714
1156 37.689
1157 38.317
1158 38.141
1159 39.167
1160 38.343
1161 38.763
1162 38.233
1163 38.214
1164 38.223
1165 38.375
1166 38.536
1167 38.581
1168 38.657
1169 38.695
1170 39.594
1171 39.027
1172 39.158
1173 39.529
1174 40.027
1175 39.66
1176 41.583
1177 39.815
1178 40.104
1179 42.617
1180 41.163
1181 48.826
1182 39.899
1183 39.774
1184 39.727
1185 39.949
1186 40.092
1187 40.106
1188 39.894
1189 40.046
1190 42.341
1191 40.247
1192 40.31
1193 40.376
1194 48.268
1195 49.6
1196 42.604
1197 41.538
1198 47.455
1199 50.899
1200 43.474
1201 46.594
1202 49.877
1203 45.84
1204 47.497
1205 48.645
1206 41.739
1207 52.087
1208 45.847
1209 48.668
1210 50.709
1211 51.444
1212 46.741
1213 49.808
1214 58.208
1215 56.679
1216 57.689
1217 73.234
1218 57.821
1219 46.951
1220 47.03
1221 46.634
1222 50.321
1223 66.71
1224 53.381
1225 58.203
1226 59.23
1227 54.698
1228 42.846
1229 42.673
1230 44.121
1231 46.815
1232 42.762
1233 43.522
1234 42.753
1235 42.736
1236 42.831
1237 43.032
1238 42.934
1239 43.109
1240 43.309
1241 43.241
1242 43.294
1243 43.358
1244 43.644
1245 43.509
1246 43.571
1247 43.707
1248 43.68
1249 44.365
1250 58.958
1251 48.033
1252 46.466
1253 48.356
1254 46.102
1255 56.691
1256 47.772
1257 45.013
1258 45.362
1259 46.04
1260 45.354
1261 48.403
1262 47.927
1263 44.841
1264 44.741
1265 49.75
1266 46.733
1267 46.896
1268 47.212
1269 46.991
1270 45.995
1271 45.417
1272 45.207
1273 45.855
1274 46.05
1275 45.542
1276 45.97
1277 45.708
1278 45.855
1279 46.151
1280 48.69
1281 56.678
1282 47.835
1283 46.225
1284 46.981
1285 54.86
1286 57.393
1287 61.804
1288 58.922
1289 58.487
1290 66.792
1291 68.463
1292 66.796
1293 59.605
1294 68.648
1295 57.553
1296 50.027
1297 49.124
1298 47.23
1299 47.424
1300 47.135
1301 47.133
1302 47.298
1303 49.536
1304 49.766
1305 51.007
1306 61.098
1307 50.799
1308 49.269
1309 47.601
1310 48.486
1311 48.116
1312 65.327
1313 48.227
1314 48.354
1315 53.092
1316 55.531
1317 48.156
1318 48.08
1319 48.238
1320 48.393
1321 48.636
1322 58.028
1323 57.232
1324 50.023
1325 49.422
1326 49.042
1327 49.15
1328 52.194
1329 49.832
1330 69.723
1331 95.145
1332 60.245
1333 50.077
1334 49.812
1335 50.067
1336 49.501
1337 50.027
1338 49.967
1339 50.077
1340 50.494
1341 50.421
1342 49.959
1343 50.376
1344 50.186
1345 50.033
1346 55.87
1347 63.006
1348 54.275
1349 50.932
1350 52.602
1351 50.799
1352 50.486
1353 50.663
1354 62.536
1355 69.826
1356 63.011
1357 55.269
1358 52.315
1359 66.953
1360 51.606
1361 51.911
1362 52.079
1363 52.264
1364 53.505
1365 53.012
1366 52.287
1367 51.977
1368 52.044
1369 53.083
1370 52.872
1371 52.368
1372 53.883
1373 52.661
1374 52.986
1375 52.661
1376 52.715
1377 52.924
1378 52.905
1379 54.217
1380 59.465
1381 54.347
1382 57.117
1383 56.633
1384 54.073
1385 54.326
1386 54.454
1387 54.788
1388 55.577
1389 53.719
1390 53.839
1391 54.089
1392 54.643
1393 54.743
1394 55.435
1395 54.575
1396 54.323
1397 55.75
1398 54.742
1399 55.62
1400 54.789
1401 55.023
1402 55.711
1403 54.736
1404 55.067
1405 54.733
1406 54.738
1407 55.254
1408 55.299
1409 54.604
1410 57.795
1411 55.583
1412 55.667
1413 55.489
1414 54.9
1415 56.43
1416 57.85
1417 55.863
1418 56.03
1419 56.067
1420 55.224
1421 55.557
1422 55.364
1423 55.552
1424 55.796
1425 59.168
1426 57.359
1427 57.232
1428 57.625
1429 57.346
1430 57.403
1431 57.135
1432 56.389
1433 58.034
1434 56.507
1435 56.777
1436 56.527
1437 56.635
1438 56.743
1439 56.98
1440 56.949
1441 57.233
1442 57.339
1443 57.171
1444 57.635
1445 57.785
1446 57.712
1447 57.666
1448 57.823
1449 57.907
1450 58.747
1451 57.978
1452 57.781
1453 58.083
1454 57.96
1455 58.098
1456 58.147
1457 58.297
1458 58.277
1459 58.378
1460 59.103
1461 58.62
1462 58.828
1463 58.918
1464 58.743
1465 59.089
1466 58.933
1467 61.681
1468 59.141
1469 59.246
1470 59.189
1471 59.356
1472 59.409
1473 59.631
1474 59.901
1475 60.059
1476 60.037
1477 60.026
1478 60.036
1479 60.033
1480 60.034
1481 60.153
1482 61.065
1483 60.308
1484 61.126
1485 68.251
1486 61.776
1487 61.531
1488 61.849
1489 64.85
1490 60.986
1491 60.92
1492 60.661
1493 61.153
1494 61.116
1495 60.978
1496 60.952
1497 61.724
1498 61.641
1499 61.264
1500 61.258
1501 61.269
1502 61.459
1503 61.473
1504 61.686
1505 61.769
1506 61.639
1507 62.069
1508 62.097
1509 62.224
1510 62.594
1511 62.401
1512 62.364
1513 62.739
1514 62.499
1515 62.624
1516 62.599
1517 62.679
1518 62.861
1519 63.077
1520 63.047
1521 63.058
1522 63.03
1523 63.259
1524 63.688
1525 63.602
1526 78.159
1527 63.854
1528 64.68
1529 64.034
1530 67.942
1531 64.182
1532 64.203
1533 64.488
1534 64.438
1535 64.752
1536 64.609
1537 64.624
1538 64.794
1539 64.692
1540 64.665
1541 64.984
1542 64.882
1543 65.484
1544 65.075
1545 65.156
1546 65.095
1547 65.25
1548 65.445
1549 65.407
1550 65.434
1551 66.172
1552 65.632
1553 65.718
1554 65.286
1555 65.338
1556 65.364
1557 65.458
1558 65.795
1559 68.016
1560 66.059
1561 66.19
1562 65.971
1563 65.939
1564 66.239
1565 66.643
1566 76.872
1567 66.8
1568 67.147
1569 67.131
1570 67.324
1571 67.162
1572 67.393
1573 67.861
1574 67.766
1575 67.683
1576 67.799
1577 67.717
1578 67.771
1579 68.067
1580 68.143
1581 68.117
1582 68.78
1583 68.889
1584 68.67
1585 68.707
1586 68.735
1587 68.776
1588 69.161
1589 68.985
1590 69.281
1591 69.015
1592 69.062
1593 69.244
1594 69.426
1595 69.412
1596 69.334
1597 69.637
1598 69.502
1599 69.741
1600 69.489
1601 69.843
1602 71.659
1603 69.522
1604 69.558
1605 69.742
1606 69.788
1607 69.806
1608 70.198
1609 69.987
1610 70.058
1611 70.504
1612 70.511
1613 70.439
1614 70.49
1615 70.863
1616 70.746
1617 70.769
1618 70.959
1619 70.874
1620 71.026
1621 71.079
1622 71.286
1623 71.394
1624 71.259
1625 71.28
1626 71.428
1627 71.582
1628 71.693
1629 72.247
1630 71.694
1631 71.765
1632 71.861
1633 72.016
1634 72.026
1635 72.349
1636 72.457
1637 72.462
1638 72.503
1639 72.77
1640 72.821
1641 72.813
1642 72.823
1643 73.54
1644 72.987
1645 73.22
1646 73.226
1647 73.389
1648 73.32
1649 74.02
1650 73.774
1651 73.678
1652 73.198
1653 73.587
1654 73.341
1655 73.467
1656 74.441
1657 74.36
1658 73.73
1659 73.734
1660 73.854
1661 74.176
1662 74.247
1663 74.349
1664 74.146
1665 74.402
1666 74.598
1667 74.741
1668 74.789
1669 74.955
1670 86.704
1671 75.072
1672 75.054
1673 75.102
1674 75.096
1675 75.458
1676 75.707
1677 75.712
1678 75.573
1679 76.165
1680 75.859
1681 76.054
1682 76.153
1683 76.88
1684 76.444
1685 76.448
1686 76.436
1687 76.573
1688 76.722
1689 76.936
1690 76.831
1691 77.006
1692 77.345
1693 77.32
1694 77.157
1695 77.743
1696 77.542
1697 77.53
1698 77.666
1699 77.866
1700 77.879
1701 78.284
1702 78.042
1703 77.977
1704 78.164
1705 79.299
1706 79.113
1707 79.18
1708 78.893
1709 78.642
1710 78.698
1711 78.802
1712 78.88
1713 79.008
1714 79.167
1715 79.052
1716 79.118
1717 96.581
1718 79.564
1719 81.884
1720 79.601
1721 79.513
1722 79.715
1723 79.645
1724 79.675
1725 79.796
1726 80.188
1727 79.921
1728 80.114
1729 79.801
1730 79.882
1731 79.896
1732 80.188
1733 80.303
1734 80.18
1735 80.354
1736 80.301
1737 80.669
1738 80.874
1739 80.663
1740 80.626
1741 81.284
1742 81.33
1743 81.182
1744 81.614
1745 81.588
1746 81.343
1747 81.446
1748 81.464
1749 81.527
1750 82.089
1751 82.01
1752 81.802
1753 82.406
1754 82.53
1755 82.562
1756 82.647
1757 83.11
1758 82.806
1759 83.192
1760 82.993
1761 83.264
1762 83.479
1763 83.391
1764 83.366
1765 83.06
1766 83.171
1767 83.189
1768 83.282
1769 84.723
1770 83.549
1771 83.85
1772 83.521
1773 83.768
1774 84.005
1775 84.149
1776 84.006
1777 84.457
1778 84.48
1779 84.747
1780 85.15
1781 84.732
1782 84.939
1783 85.14
1784 84.949
1785 87.764
1786 86.235
1787 86.018
1788 87.352
1789 86.937
1790 86.449
1791 86.691
1792 96.486
1793 86.608
1794 86.94
1795 86.584
1796 86.783
1797 87.037
1798 86.925
1799 86.949
1800 88.071
1801 86.57
1802 86.651
1803 87.414
1804 86.936
1805 86.962
1806 87.14
1807 87.265
1808 87.47
1809 87.361
1810 87.484
1811 111.072
1812 87.831
1813 87.822
1814 88.303
1815 88.068
1816 88.567
1817 91.718
1818 88.381
1819 88.088
1820 93.525
1821 88.427
1822 88.514
1823 88.636
1824 88.872
1825 88.989
1826 88.875
1827 89.089
1828 89.219
1829 89.235
1830 89.638
1831 89.458
1832 89.499
1833 89.676
1834 89.552
1835 89.859
1836 90.057
1837 89.86
1838 89.902
1839 90.21
1840 90.092
1841 90.677
1842 90.484
1843 90.363
1844 90.524
1845 94.706
1846 90.783
1847 92.276
1848 90.85
1849 91.132
1850 91.359
1851 91.375
1852 92.409
1853 91.656
1854 91.398
1855 92.06
1856 91.863
1857 91.969
1858 92.197
1859 92.234
1860 94.143
1861 92.498
1862 92.431
1863 94.616
1864 104.893
1865 92.87
1866 95.122
1867 92.969
1868 93.339
1869 93.244
1870 93.534
1871 93.384
1872 93.488
1873 93.847
1874 93.66
1875 93.985
1876 93.566
1877 93.494
1878 93.662
1879 96.555
1880 94.42
1881 94.634
1882 94.519
1883 94.785
1884 94.906
1885 95.106
1886 95.977
1887 95.363
1888 95.64
1889 96.326
1890 95.812
1891 95.906
1892 96.063
1893 96.302
1894 95.991
1895 95.968
1896 96.136
1897 96.473
1898 96.345
1899 96.735
1900 96.723
1901 96.757
1902 96.57
1903 99.107
1904 96.523
1905 96.492
1906 96.618
1907 96.857
1908 96.981
1909 97.157
1910 97.543
1911 96.986
1912 97.043
1913 97.265
1914 97.778
1915 97.425
1916 97.452
1917 97.542
1918 97.552
1919 97.657
1920 97.843
1921 97.902
1922 97.879
1923 98.116
1924 98.683
1925 98.401
1926 98.452
1927 98.584
1928 98.669
1929 98.822
1930 99.367
1931 99.024
1932 98.985
1933 99.274
1934 99.596
1935 99.556
1936 99.528
1937 99.281
1938 99.396
1939 99.848
1940 111.915
1941 99.795
1942 99.868
1943 99.802
1944 100.379
1945 100.137
1946 100.274
1947 100.564
1948 100.621
1949 101.562
1950 100.777
1951 101.167
1952 101.129
1953 101.353
1954 101.636
1955 101.336
1956 101.148
1957 101.415
1958 101.525
1959 101.785
1960 101.64
1961 101.731
1962 101.689
1963 102.016
1964 102.705
1965 102.126
1966 102.474
1967 102.476
1968 102.54
1969 103.196
1970 102.721
1971 103.104
1972 103.08
1973 103.169
1974 103.238
1975 103.204
1976 102.981
1977 103.253
1978 103.712
1979 103.435
1980 103.598
1981 103.535
1982 104.113
1983 103.98
1984 103.932
1985 104.071
1986 106.595
1987 104.567
1988 104.857
1989 104.256
1990 104.604
1991 104.629
1992 104.891
1993 105.012
1994 105.509
1995 105.527
1996 105.304
1997 106.463
1998 105.878
1999 105.773
2000 105.804
2001 106.185
2002 106.641
2003 106.354
2004 106.228
2005 106.983
2006 106.303
2007 107.024
2008 106.562
2009 106.723
2010 106.999
2011 106.925
2012 107.201
2013 107.006
2014 107.246
2015 107.106
2016 107.791
2017 107.552
2018 107.383
2019 107.885
2020 107.619
2021 108.057
2022 108.56
2023 108.6
2024 108.541
2025 109.027
2026 108.867
2027 108.952
2028 109.192
2029 109.327
2030 109.27
2031 109.217
2032 109.128
2033 108.984
2034 109.537
2035 109.677
2036 120.716
2037 115.319
2038 112.8
2039 109.816
2040 112.082
2041 109.687
2042 109.632
2043 110.021
2044 110.225
2045 110.158
2046 110.351
2047 110.354
2048 110.277
2049 110.899
2050 110.911
2051 113.004
2052 112.048
2053 111.15
2054 111.017
2055 111.174
2056 111.101
2057 111.334
2058 111.998
2059 111.818
2060 112.638
2061 112.135
2062 118.272
2063 112.23
2064 112.491
2065 118.602
2066 112.588
2067 112.909
2068 112.561
2069 113.429
2070 112.982
2071 113.207
2072 113.073
2073 113.768
2074 113.41
2075 112.735
2076 113.272
2077 113.074
2078 114.057
2079 113.691
2080 113.39
2081 113.802
2082 113.99
2083 113.978
2084 114.342
2085 114.568
2086 114.327
2087 116.728
2088 114.595
2089 114.472
2090 114.605
2091 115.082
2092 116.848
2093 116.633
2094 116.746
2095 117.172
2096 117.094
2097 116.825
2098 116.939
2099 116.993
2100 117.041
2101 116.843
2102 116.951
2103 117.027
2104 116.762
2105 116.432
2106 116.557
2107 116.945
2108 117.734
2109 116.785
2110 117.553
2111 117.247
2112 117.692
2113 118.195
2114 117.595
2115 117.7
2116 117.72
2117 117.732
2118 117.976
2119 120.204
2120 118.321
2121 118.19
2122 118.508
2123 118.53
2124 118.793
2125 118.644
2126 118.78
2127 119.155
2128 118.997
2129 119.474
2130 119.153
2131 119.591
2132 119.743
2133 119.547
2134 119.626
2135 120.018
2136 120.511
2137 120.997
2138 120.115
2139 120.222
2140 120.829
2141 120.878
2142 120.564
2143 120.598
2144 120.906
2145 121.26
2146 120.854
2147 121.003
2148 121.397
2149 121.666
2150 121.67
2151 121.966
2152 122.043
2153 122.479
2154 122.133
2155 121.91
2156 122.097
2157 122.483
2158 122.475
2159 122.499
2160 122.572
2161 123.517
2162 122.597
2163 123.211
2164 122.836
2165 123.155
2166 123.122
2167 124.963
2168 123.172
2169 123.679
2170 123.248
2171 123.549
2172 123.561
2173 123.618
2174 123.919
2175 123.827
2176 123.732
2177 125.847
2178 124.031
2179 124.055
2180 124.46
2181 124.497
2182 124.468
2183 125.014
2184 125.212
2185 125.63
2186 125.521
2187 125.33
2188 125.591
2189 129.642
2190 125.465
2191 126.263
2192 126.342
2193 127.154
2194 126.621
2195 126.774
2196 127.305
2197 127.023
2198 127.038
2199 126.552
2200 126.366
2201 131.178
2202 126.666
2203 127.075
2204 127.266
2205 127.343
2206 127.071
2207 127.214
2208 127.65
2209 127.855
2210 127.471
2211 128.246
2212 127.922
2213 128.021
2214 128.028
2215 128.151
2216 129.239
2217 128.581
2218 128.461
2219 128.606
2220 128.767
2221 128.668
2222 128.923
2223 129.061
2224 129.597
2225 129.372
2226 129.33
2227 142.686
2228 138.251
2229 130.151
2230 130.078
2231 130.906
2232 130.363
2233 130.569
2234 130.726
2235 130.92
2236 130.928
2237 131.277
2238 131.07
2239 133.943
2240 131.243
2241 131.443
2242 131.735
2243 131.625
2244 134.446
2245 132.934
2246 133.219
2247 133.342
2248 133.157
2249 133.573
2250 133.466
2251 133.415
2252 132.972
2253 133.515
2254 135.086
2255 133.604
2256 133.27
2257 133.906
2258 134.246
2259 134.665
2260 134.476
2261 135.561
2262 146.336
2263 135.864
2264 135.48
2265 136.906
2266 136.634
2267 135.685
2268 137.043
2269 137.308
2270 136.112
2271 136.635
2272 136.729
2273 137.371
2274 136.053
2275 137.362
2276 137.819
2277 137.863
2278 137.053
2279 138.297
2280 138.505
2281 138.476
2282 138.464
2283 139.843
2284 139.618
2285 138.679
2286 138.969
2287 138.904
2288 139.118
2289 138.537
2290 140.343
2291 139.661
2292 139.461
2293 138.893
2294 139.594
2295 140.315
2296 140.041
2297 140.657
2298 139.848
2299 140.635
2300 140.648
2301 140.256
2302 140.617
2303 141.042
2304 141.956
2305 140.633
2306 141.061
2307 141.296
2308 140.77
2309 141.248
2310 141.147
2311 142.529
2312 139.423
2313 152.491
2314 139.8
2315 140.363
2316 140.188
2317 140.562
2318 142.249
2319 140.758
2320 140.791
2321 140.742
2322 141.049
2323 142.215
2324 141.125
2325 142.307
2326 141.501
2327 143.194
2328 141.829
2329 142.076
2330 141.522
2331 141.847
2332 142.589
2333 141.966
2334 142.241
2335 142.495
2336 142.286
2337 142.278
2338 142.23
2339 148.068
2340 142.711
2341 142.746
2342 143.59
2343 143.479
2344 143.67
2345 155.606
2346 143.532
2347 143.882
2348 143.97
2349 144.233
2350 144.275
2351 144.551
2352 146.922
2353 144.661
2354 144.595
2355 145.194
2356 144.817
2357 144.467
2358 144.585
2359 145.201
2360 144.884
2361 144.939
2362 145.146
2363 145.237
2364 145.674
2365 145.436
2366 146.441
2367 145.893
2368 145.746
2369 146.512
2370 145.883
2371 145.847
2372 145.793
2373 147.151
2374 145.938
2375 146.397
2376 146.64
2377 146.511
2378 147.33
2379 147.943
2380 148.329
2381 147.854
2382 148.478
2383 148.29
2384 147.694
2385 147.567
2386 156.311
2387 147.951
2388 147.747
2389 148.319
2390 149.187
2391 148.546
2392 148.473
2393 152.303
2394 150.326
2395 149.906
2396 150.112
2397 150.769
2398 150.995
2399 151.805
2400 150.804
2401 151.147
2402 156.971
2403 151.284
2404 151.303
2405 151.505
2406 152.141
2407 151.631
2408 152.013
2409 152.21
2410 152.151
2411 152.287
2412 153.226
2413 152.762
2414 152.386
2415 152.822
2416 152.921
2417 152.518
2418 152.635
2419 152.911
2420 152.41
2421 152.685
2422 153.211
2423 153.739
2424 153.471
2425 154.082
2426 154.439
2427 153.886
2428 155.081
2429 154.936
2430 154.067
2431 154.656
2432 156.058
2433 153.73
2434 156.875
2435 157.69
2436 155.359
2437 154.944
2438 155.875
2439 156.609
2440 155.373
2441 155.434
2442 155.538
2443 156.806
2444 155.054
2445 155.1
2446 154.887
2447 155.292
2448 157.541
2449 157.301
2450 157.452
2451 157.317
2452 159.077
2453 156.57
2454 156.489
2455 156.663
2456 156.808
2457 157.279
2458 157.701
2459 158.114
2460 157.395
2461 158.083
2462 157.99
2463 158.284
2464 158.259
2465 158.885
2466 158.452
2467 158.54
2468 158.347
2469 161.796
2470 159.906
2471 159.619
2472 160.711
2473 160.37
2474 159.847
2475 160.312
2476 160.208
2477 160.372
2478 160.653
2479 161.294
2480 160.364
2481 160.696
2482 160.635
2483 160.57
2484 160.509
2485 161.308
2486 161.528
2487 161.577
2488 162.486
2489 162.414
2490 161.942
2491 162.239
2492 162.585
2493 162.061
2494 163.013
2495 162.986
2496 163.879
2497 161.872
2498 162.355
2499 161.986
2500 165.432
2501 163.245
2502 163.692
2503 163.694
2504 163.794
2505 164.491
2506 164.699
2507 164.196
2508 165.799
2509 166.743
2510 164.191
2511 165.251
2512 165.052
2513 164.654
2514 164.853
2515 164.974
2516 165.198
2517 165.727
2518 166.771
2519 165.841
2520 165.671
2521 166.174
2522 166.075
2523 166.476
2524 167.387
2525 166.349
2526 166.459
2527 167.024
2528 166.219
2529 167.102
2530 167.266
2531 166.565
2532 166.941
2533 167.11
2534 167.115
2535 168.143
2536 167.727
2537 167.794
2538 167.526
2539 168.093
2540 168.761
2541 169.603
2542 168.71
2543 168.968
2544 168.749
2545 169.077
2546 168.91
2547 169.377
2548 168.972
2549 169.745
2550 169.237
2551 169.785
2552 169.492
2553 172.301
2554 168.907
2555 171.747
2556 179.139
2557 176.761
2558 171.194
2559 171.855
2560 170.814
2561 171.939
2562 171.927
2563 171.183
2564 171.866
2565 170.353
2566 172.789
2567 181.922
2568 170.554
2569 171.313
2570 171.999
2571 171.425
2572 170.931
2573 171.461
2574 171.541
2575 174.559
2576 173.043
2577 172.11
2578 172.629
2579 172.237
2580 171.949
2581 171.832
2582 172.706
2583 172.465
2584 201.766
2585 173.752
2586 173.637
2587 173.817
2588 173.911
2589 173.776
2590 174.108
2591 175.271
2592 175.134
2593 176.385
2594 176.265
2595 174.557
2596 174.963
2597 174.74
2598 174.895
2599 181.158
2600 175.167
2601 175.068
2602 175.049
2603 175.414
2604 176.337
2605 175.765
2606 175.984
2607 175.646
2608 175.55
2609 175.892
2610 176.786
2611 176.169
2612 176.605
2613 176.58
2614 177.303
2615 177.874
2616 177.672
2617 177.509
2618 178.082
2619 177.219
2620 176.992
2621 178.986
2622 178.402
2623 178.848
2624 178.491
2625 179.205
2626 179.189
2627 180.329
2628 179.408
2629 179.487
2630 180.403
2631 180.109
2632 180.723
2633 180.883
2634 181.067
2635 180.503
2636 181.175
2637 181.784
2638 181.141
2639 181.627
2640 181.258
2641 180.994
2642 181.346
2643 181.695
2644 181.121
2645 181.998
2646 181.802
2647 181.424
2648 182.557
2649 181.543
2650 181.583
2651 182.171
2652 181.944
2653 182.299
2654 183.311
2655 184.682
2656 182.586
2657 183.819
2658 183.608
2659 184.715
2660 183.802
2661 183.991
2662 184.277
2663 186.517
2664 184.711
2665 184.88
2666 184.574
2667 184.413
2668 185.384
2669 184.558
2670 185.549
2671 185.985
2672 184.998
2673 185.096
2674 185.146
2675 185.82
2676 185.608
2677 187.475
2678 184.69
2679 185.553
2680 185.759
2681 185.506
2682 186.172
2683 185.943
2684 185.536
2685 186.069
2686 189.319
2687 187.319
2688 235.886
2689 214.795
2690 192.421
2691 186.913
2692 187.022
2693 217.679
2694 203.048
2695 187.608
2696 187.259
2697 187.229
2698 187.906
2699 187.605
2700 187.611
2701 188.206
2702 187.936
2703 189.029
2704 188.437
2705 188.741
2706 188.873
2707 188.961
2708 189.822
2709 189.249
2710 189.087
2711 189.729
2712 190.066
2713 190.156
2714 189.41
2715 190.524
2716 191.318
2717 190.823
2718 190.873
2719 191.017
2720 190.433
2721 191.197
2722 190.837
2723 191.295
2724 191.373
2725 191.509
2726 191.855
2727 191.604
2728 192.206
2729 192.13
2730 192.36
2731 193.084
2732 192.737
2733 193.047
2734 193.475
2735 206.922
2736 193.241
2737 193.519
2738 204.757
2739 195.516
2740 193.593
2741 193.927
2742 194.261
2743 194.196
2744 194.35
2745 194.945
2746 194.19
2747 195.57
2748 194.624
2749 195.199
2750 197.745
2751 195.705
2752 196.451
2753 196.849
2754 196.171
2755 197.294
2756 196.695
2757 197.699
2758 196.789
2759 197.521
2760 197.968
2761 198.231
2762 198.877
2763 198.152
2764 199.422
2765 198.456
2766 198.284
2767 198.726
2768 198.276
2769 198.844
2770 197.345
2771 197.463
2772 197.948
2773 197.888
2774 198.509
2775 200.49
2776 198.078
2777 199.34
2778 198.624
2779 198.896
2780 199.251
2781 199.424
2782 200.733
2783 199.549
2784 199.602
2785 200.617
2786 200.222
2787 201.006
2788 200.489
2789 201.132
2790 200.386
2791 200.989
2792 200.951
2793 202.982
2794 201.496
2795 213.905
2796 202.466
2797 202.484
2798 202.966
2799 202.926
2800 202.919
2801 204.62
2802 201.391
2803 201.947
2804 201.513
2805 202.324
2806 202.122
2807 202.064
2808 202.689
2809 202.487
2810 202.577
2811 203.415
2812 203.363
2813 203.751
2814 204.069
2815 204.11
2816 205.211
2817 204.622
2818 205.523
2819 204.741
2820 205.08
2821 205.157
2822 204.802
2823 209.753
2824 204.002
2825 204.393
2826 204.206
2827 204.531
2828 204.587
2829 206.817
2830 206.519
2831 206.534
2832 219.23
2833 211.514
2834 206.372
2835 207.135
2836 206.76
2837 206.896
2838 206.712
2839 207.237
2840 209.504
2841 215.351
2842 208.818
2843 208.524
2844 209.669
2845 209.269
2846 209.684
2847 209.85
2848 209.268
2849 210.776
2850 209.683
2851 210.021
2852 209.78
2853 209.531
2854 211.256
2855 210.177
2856 210.673
2857 211.769
2858 219.307
2859 218.874
2860 214.727
2861 218.377
2862 210.022
2863 211.302
2864 210.374
2865 211.002
2866 210.411
2867 210.552
2868 211.341
2869 210.963
2870 211.309
2871 212.345
2872 212.428
2873 212.657
2874 213.258
2875 212.617
2876 213.883
2877 214.877
2878 213.665
2879 214.215
2880 214.835
2881 214.897
2882 215.393
2883 214.739
2884 216.096
2885 215.505
2886 215.875
2887 216.325
2888 230.021
2889 215.536
2890 214.257
2891 219.102
2892 215.561
2893 216.87
2894 216.409
2895 216.495
2896 217.489
2897 216.437
2898 217.258
2899 216.941
2900 218.164
2901 218.062
2902 217.526
2903 218.079
2904 228.873
2905 242.22
2906 219.751
2907 220.647
2908 228.722
2909 219.536
2910 218.91
2911 218.785
2912 218.677
2913 219.42
2914 218.791
2915 219.773
2916 219.244
2917 219.33
2918 219.61
2919 221.101
2920 219.18
2921 219.326
2922 219.855
2923 220.042
2924 220.091
2925 220.416
2926 219.573
2927 220.977
2928 219.648
2929 223.128
2930 223.35
2931 232.658
2932 222.148
2933 221.861
2934 222.223
2935 223.139
2936 220.499
2937 220.797
2938 220.594
2939 221.59
2940 221.621
2941 222.605
2942 221.828
2943 222.303
2944 222.383
2945 222.164
2946 222.508
2947 222.238
2948 222.841
2949 237.389
2950 225.606
2951 224.277
2952 225.094
2953 225.447
2954 235.293
2955 230.254
2956 224.656
2957 225.312
2958 225.249
2959 225.793
2960 226.248
2961 225.444
2962 226.234
2963 224.581
2964 225.025
2965 225.029
2966 225.364
2967 225.721
2968 225.918
2969 226.24
2970 226.762
2971 227.392
2972 226.918
2973 226.558
2974 227.594
2975 227.18
2976 227.266
2977 227.445
2978 227.889
2979 229.319
2980 227.699
2981 228.591
2982 228.414
2983 229.252
2984 230.8
2985 230.321
2986 229.662
2987 229.557
2988 230.186
2989 229.354
2990 242.11
2991 263.895
2992 230.094
2993 229.91
2994 230.122
2995 233.437
2996 231.035
2997 231.43
2998 232.386
2999 231.191
3000 231.711
3001 231.214
3002 231.254
3003 231.208
3004 230.167
3005 231.302
3006 235.705
3007 230.762
3008 231.138
3009 231.532
3010 231.499
3011 231.228
3012 231.763
3013 232.196
3014 231.851
3015 235.879
3016 234.905
3017 236.115
3018 233.284
3019 233.967
3020 233.892
3021 238.503
3022 237.288
3023 240.177
3024 238.204
3025 234.256
3026 240.844
3027 238.893
3028 239.775
3029 246.893
3030 245.518
3031 237.716
3032 238.613
3033 247.648
3034 318.27
3035 243.868
3036 244.295
3037 248.856
3038 239.175
3039 252.383
3040 239.833
3041 239.906
3042 238.599
3043 278.049
3044 241.163
3045 246.699
3046 248.201
3047 240.371
3048 244.905
3049 253.483
3050 268.057
3051 245.403
3052 253.134
3053 251.611
3054 313.804
3055 280.073
3056 293.911
3057 287.96
3058 263.086
3059 261.417
3060 249.44
3061 245.164
3062 242.835
3063 268.078
3064 265.199
3065 260.958
3066 244.926
3067 276.958
3068 244.456
3069 246.558
3070 242.771
3071 243.163
3072 246.451
3073 247.6
3074 244.745
3075 255.038
3076 266.618
3077 244.844
3078 245.557
3079 251.016
3080 260.882
3081 246.368
3082 247.544
3083 248.29
3084 251.203
3085 247.518
3086 261.984
3087 248.265
3088 252.006
3089 247.105
3090 246.013
3091 245.985
3092 250.666
3093 251.187
3094 250.803
3095 266.242
3096 269.485
3097 251.861
3098 248.626
3099 252.86
3100 253.424
3101 254.886
3102 249.121
3103 251.63
3104 256.094
3105 252.068
3106 258.871
3107 255.978
3108 256.033
3109 255.095
3110 254.726
3111 254.591
3112 265.679
3113 257.661
3114 249.245
3115 256.346
3116 254.637
3117 253.344
3118 251.684
3119 269.087
3120 255.871
3121 257.177
3122 254.666
3123 281.951
3124 269.493
3125 251.237
3126 252.671
3127 251.524
3128 256.28
3129 256.83
3130 259.031
3131 265.444
3132 258.633
3133 265.975
3134 278.5
3135 294.102
3136 280.876
3137 264.546
3138 253.976
3139 253.718
3140 265.931
3141 257.776
3142 266.452
3143 254.099
3144 264.961
3145 257.789
3146 274.741
3147 256.341
3148 255.682
3149 258.564
3150 270.333
3151 257.808
3152 263.111
3153 263.55
3154 259.407
3155 257.226
3156 258.36
3157 256.822
3158 261.722
3159 259.184
3160 265.36
3161 277.21
3162 263.187
3163 261.893
3164 280.877
3165 258.608
3166 264.051
3167 266.03
3168 256.629
3169 274.593
3170 260.001
3171 280.265
3172 266.293
3173 261.173
3174 258.443
3175 262.966
3176 260.946
3177 260.319
3178 272.385
3179 268.173
3180 272.831
3181 263.76
3182 266.339
3183 267.761
3184 265.879
3185 262.3
3186 263.244
3187 270.312
3188 275.884
3189 266.287
3190 276.702
3191 275.946
3192 264.013
3193 278.326
3194 274.793
3195 272.202
3196 264.845
3197 267.062
3198 295.375
3199 267.996
3200 272.716
3201 278.861
3202 273.615
3203 263.537
3204 269.785
3205 281.001
3206 266.062
3207 267.998
3208 283.917
3209 291.085
3210 271.251
3211 284.468
3212 265.884
3213 267.921
3214 267.567
3215 267.702
3216 265.377
3217 265.278
3218 268.167
3219 266.789
3220 267.553
3221 269.137
3222 268.019
3223 266.592
3224 272.116
3225 280.009
3226 297.935
3227 269.403
3228 265.368
3229 267.574
3230 267.491
3231 272.271
3232 277.814
3233 268.901
3234 267.948
3235 267.915
3236 289.667
3237 272.436
3238 269.699
3239 273.838
3240 274.37
3241 275.816
3242 274.464
3243 289.346
3244 278.209
3245 287.53
3246 271.108
3247 272.47
3248 277.137
3249 276.747
3250 275.232
3251 275.557
3252 272.717
3253 275.344
3254 272.058
3255 276.075
3256 272.607
3257 274.499
3258 272.112
3259 289.863
3260 276.536
3261 271.423
3262 271.405
3263 271.583
3264 271.149
3265 274.998
3266 273.477
3267 273.296
3268 273.395
3269 273.494
3270 273.845
3271 275.642
3272 274.442
3273 274.115
3274 274.761
3275 275.186
3276 274.641
3277 273.797
3278 273.604
3279 274.366
3280 275.065
3281 274.623
3282 273.917
3283 274.518
3284 274.264
3285 274.663
3286 274.931
3287 275.483
3288 274.95
3289 275.685
3290 275.729
3291 275.896
3292 275.524
3293 275.607
3294 276.355
3295 276.426
3296 276.863
3297 280.644
3298 278.982
3299 279.087
3300 278.856
3301 280.201
3302 277.449
3303 278.251
3304 278.022
3305 279.56
3306 278.673
3307 278.52
3308 279.674
3309 278.817
3310 279.484
3311 280.46
3312 280.241
3313 279.874
3314 279.003
3315 297.421
3316 279.535
3317 280.358
3318 280.839
3319 280.302
3320 280.179
3321 281.165
3322 281.479
3323 281.503
3324 281.518
3325 283.999
3326 310.578
3327 293.453
3328 286.271
3329 288.125
3330 291.455
3331 288.289
3332 294.746
3333 289.745
3334 284.124
3335 284.954
3336 284.572
3337 296.63
3338 284.731
3339 287.209
3340 286.293
3341 286.058
3342 286.226
3343 286.095
3344 286.656
3345 286.025
3346 286.68
3347 286.594
3348 287.758
3349 284.253
3350 285.782
3351 297.166
3352 286.685
3353 286.205
3354 285.507
3355 289.861
3356 289.391
3357 287.333
3358 287.238
3359 287.049
3360 287.3
3361 287.639
3362 286.887
3363 287.313
3364 287.621
3365 288.021
3366 288.423
3367 296.51
3368 354.872
3369 293.412
3370 293.101
3371 293.419
3372 295.961
3373 294.722
3374 293.655
3375 293.511
3376 304.061
3377 290.882
3378 294.193
3379 294.276
3380 290.99
3381 291.176
3382 291.098
3383 291.344
3384 291.527
3385 290.799
3386 291.567
3387 291.216
3388 291.536
3389 292.535
3390 304.26
3391 292.084
3392 293.114
3393 308.081
3394 303.775
3395 293.741
3396 294.015
3397 294.498
3398 294.547
3399 294.339
3400 301.137
3401 295.573
3402 294.029
3403 295.297
3404 294.945
3405 295.341
3406 295.565
3407 298.618
3408 297.461
3409 296.766
3410 297.681
3411 297.83
3412 297.215
3413 296.874
3414 295.917
3415 298.626
3416 298.069
3417 299.795
3418 300.136
3419 297.853
3420 298.558
3421 298.084
3422 297.669
3423 302.092
3424 308.603
3425 297.236
3426 300.249
3427 298.708
3428 299.852
3429 300.745
3430 300.959
3431 301.514
3432 302.963
3433 300.733
3434 303.819
3435 299.822
3436 300.098
3437 300.814
3438 300.286
3439 322.342
3440 300.607
3441 309.955
3442 305.825
3443 309.377
3444 301.032
3445 301.149
3446 301.888
3447 301.396
3448 302.806
3449 302.982
3450 303.125
3451 301.839
3452 302.762
3453 302.471
3454 302.959
3455 302.954
3456 302.226
3457 302.902
3458 336.619
3459 332.712
3460 305.576
3461 310.132
3462 306.708
3463 321.397
3464 312.194
3465 307.652
3466 305.74
3467 309.543
3468 306.566
3469 305.735
3470 306.051
3471 308.85
3472 308.077
3473 308.986
3474 308.537
3475 309.461
3476 355.569
3477 307.359
3478 311.29
3479 314.361
3480 309.224
3481 309.783
3482 310.431
3483 308.923
3484 310.445
3485 309.714
3486 309.808
3487 312.523
3488 327.329
3489 316.77
3490 326.822
3491 310.546
3492 311.425
3493 313.187
3494 309.214
3495 309.791
3496 310.48
3497 310.965
3498 311.115
3499 311.213
3500 311.805
3501 311.667
3502 325.748
3503 312.905
3504 325.327
3505 312.495
3506 312.414
3507 313.063
3508 312.639
3509 313.3
3510 313.457
3511 313.235
3512 314.001
3513 313.948
3514 320.019
3515 315.734
3516 319.239
3517 315.983
3518 314.791
3519 315.999
3520 314.925
3521 317.283
3522 318.788
3523 334.614
3524 318.639
3525 316.81
3526 316.548
3527 345.575
3528 365.063
3529 316.482
3530 318.327
3531 318.76
3532 316.85
3533 316.172
3534 317.172
3535 317.407
3536 317.445
3537 316.518
3538 317.066
3539 317.788
3540 318.833
3541 318.097
3542 318.692
3543 319.025
3544 319.21
3545 333.029
3546 319.799
3547 319.777
3548 319.387
3549 319.953
3550 321.277
3551 321.498
3552 322.602
3553 322.594
3554 323.602
3555 322.606
3556 322.995
3557 326.775
3558 324.838
3559 322.157
3560 321.935
3561 320.647
3562 325.075
3563 323.599
3564 324.076
3565 325.092
3566 324.998
3567 324.271
3568 325.415
3569 327.503
3570 322.521
3571 323.569
3572 327.248
3573 324.712
3574 325.589
3575 330.493
3576 326.823
3577 326.779
3578 327.137
3579 336.169
3580 334.82
3581 328.635
3582 329.587
3583 330.289
3584 329.074
3585 331.629
3586 330.986
3587 331.839
3588 330.907
3589 332.716
3590 330.625
3591 332.615
3592 351.855
3593 327.98
3594 328.186
3595 327.728
3596 328.245
3597 328.522
3598 332.167
3599 328.736
3600 330.44
3601 403.621
3602 331.104
3603 347.369
3604 332.492
3605 331.494
3606 371.868
3607 329.998
3608 330.897
3609 332.305
3610 330.88
3611 329.635
3612 330.866
3613 329.733
3614 330.571
3615 332.329
3616 330.546
3617 332.837
3618 333.19
3619 333.499
3620 333.255
3621 333.591
3622 331.537
3623 336.57
3624 335.626
3625 335.557
3626 334.307
3627 335.864
3628 334.503
3629 336.272
3630 337.505
3631 336.423
3632 336.889
3633 337.458
3634 336.23
3635 336.574
3636 337.046
3637 336.82
3638 336.892
3639 337.236
3640 337.088
3641 337.612
3642 356.58
3643 339.01
3644 336.4
3645 338.143
3646 338.797
3647 336.236
3648 338.483
3649 337.116
3650 338.102
3651 342.289
3652 340.169
3653 340.258
3654 340.143
3655 339.107
3656 339.163
3657 341.164
3658 339.621
3659 339.175
3660 339.013
3661 339.278
3662 342.905
3663 341.389
3664 342.132
3665 342.969
3666 344.267
3667 341.094
3668 342.012
3669 341.356
3670 340.136
3671 340.793
3672 340.933
3673 341.286
3674 342.121
3675 341.837
3676 341.056
3677 341.987
3678 341.966
3679 343.107
3680 343.613
3681 343.371
3682 343.246
3683 343.898
3684 344.417
3685 344.454
3686 344.422
3687 344.517
3688 344.807
3689 344.361
3690 345.19
3691 346.334
3692 345.799
3693 344.557
3694 345.303
3695 345.247
3696 345.488
3697 345.822
3698 346.339
3699 345.465
3700 346.019
3701 346.219
3702 345.212
3703 346.502
3704 346.036
3705 347.4
3706 348.062
3707 347.833
3708 347.832
3709 347.411
3710 348.372
3711 350.417
3712 348.429
3713 348.979
3714 349.658
3715 349.239
3716 349.879
3717 351.061
3718 350.593
3719 349.737
3720 361.708
3721 366.938
3722 364.19
3723 350.498
3724 350.785
3725 349.934
3726 349.763
3727 351.378
3728 354.23
3729 355.371
3730 353.592
3731 354.431
3732 353.681
3733 355.228
3734 355.796
3735 355.652
3736 367.854
3737 355.646
3738 355.826
3739 356.677
3740 356.214
3741 355.613
3742 356.765
3743 355.986
3744 355.886
3745 357.308
3746 356.808
3747 356.917
3748 357.9
3749 357.233
3750 357.987
3751 357.45
3752 358.719
3753 356.067
3754 364.028
3755 358.119
3756 360.051
3757 358.554
3758 359.126
3759 360.29
3760 359.931
3761 358.935
3762 359.19
3763 361.041
3764 360.75
3765 360.996
3766 360.68
3767 360.896
3768 360.836
3769 360.506
3770 361.441
3771 360.875
3772 378.957
3773 387.287
3774 363.14
3775 360.219
3776 360
3777 364.451
3778 361.9
3779 360.581
3780 360.198
3781 360.097
3782 361.696
3783 362.828
3784 362.654
3785 361.573
3786 362.02
3787 362.026
3788 363.329
3789 380.349
3790 369.673
3791 366.293
3792 366.299
3793 365.57
3794 366.264
3795 375.403
3796 421.163
3797 428.658
3798 395.398
3799 365.257
3800 365.168
3801 366.069
3802 365.794
3803 365.693
3804 366.585
3805 365.25
3806 366.228
3807 366.079
3808 365.929
3809 367.81
3810 368.76
3811 367.094
3812 367.992
3813 368.849
3814 370.994
3815 369.56
3816 368.624
3817 371.219
3818 371.294
3819 370.162
3820 370.432
3821 370.375
3822 371.712
3823 370.788
3824 372.751
3825 369.169
3826 369.704
3827 369.597
3828 370.882
3829 371.508
3830 368.689
3831 370.933
3832 371.178
3833 373.453
3834 375.112
3835 373.854
3836 376.463
3837 373.94
3838 372.166
3839 371.9
3840 374.135
3841 373.68
3842 374.037
3843 373.741
3844 374.011
3845 374.432
3846 373.386
3847 374.383
3848 376.288
3849 375.896
3850 377.899
3851 376.933
3852 389.684
3853 381.044
3854 388.153
3855 377.382
3856 374.487
3857 375.592
3858 376.343
3859 376.47
3860 395.553
3861 376.736
3862 376.842
3863 377.858
3864 377.491
3865 378.017
3866 377.169
3867 376.291
3868 376.79
3869 378.091
3870 377.742
3871 378.87
3872 378.69
3873 378.874
3874 378.189
3875 378.04
3876 378.958
3877 379.207
3878 379.127
3879 379.412
3880 379.551
3881 380.68
3882 395.825
3883 381.383
3884 381.285
3885 381.137
3886 381.998
3887 382.332
3888 382.276
3889 382.945
3890 384.865
3891 382.105
3892 381.76
3893 382.484
3894 385.811
3895 385.31
3896 385.798
3897 383.738
3898 384.017
3899 385.077
3900 383.932
3901 384.959
3902 384.673
3903 388.43
3904 384.844
3905 384.823
3906 384.82
3907 385.99
3908 385.272
3909 386.38
3910 386.027
3911 385.9
3912 385.885
3913 386.055
3914 386.271
3915 387.018
3916 386.109
3917 390.015
3918 388.233
3919 392.737
3920 393.087
3921 401.025
3922 390.932
3923 391.543
3924 390.913
3925 391.224
3926 390.942
3927 391.359
3928 390.906
3929 391.607
3930 392.256
3931 392.242
3932 391.698
3933 391.008
3934 393.17
3935 394.319
3936 403.039
3937 391.486
3938 390.1
3939 391.974
3940 393.086
3941 392.558
3942 402.958
3943 392.39
3944 394.972
3945 393.595
3946 397.817
3947 395.536
3948 395.421
3949 395.759
3950 396.979
3951 396.195
3952 396.853
3953 395.864
3954 396.191
3955 396.96
3956 397.107
3957 397.144
3958 396.499
3959 396.252
3960 411.571
3961 410.151
3962 397.673
3963 398.285
3964 398.876
3965 400.088
3966 398.554
3967 398.796
3968 400.001
3969 396.596
3970 397.263
3971 397.354
3972 396.962
3973 398.321
3974 399.54
3975 401.748
3976 401.147
3977 485.616
3978 426.263
3979 410.752
3980 401.061
3981 399.744
3982 421.058
3983 411.762
3984 403.544
3985 404.589
3986 405.846
3987 402.841
3988 401.705
3989 402.216
3990 401.286
3991 420.377
3992 406.129
3993 404.562
3994 405.032
3995 405.795
3996 404.92
3997 405.676
3998 412.551
3999 407.157
4000 407.111
